500
2
0
1
2
3
4
5
6
7
8
9
10
11
12
13
14
15
16
17
18
19
20
21
22
23
24
25
26
27
28
29
30
31
32
33
34
35
36
37
38
39
40
41
42
43
44
45
46
47
48
49
50
51
52
53
54
55
56
57
58
59
60
61
62
63
64
65
66
67
68
69
70
71
72
73
74
75
76
77
78
79
80
81
82
83
84
85
86
87
88
89
90
91
92
93
94
95
96
97
98
99
100
101
102
103
104
105
106
107
108
109
110
111
112
113
114
115
116
117
118
119
120
121
122
123
124
125
126
127
128
129
130
131
132
133
134
135
136
137
138
139
140
141
142
143
144
145
146
147
148
149
150
151
152
153
154
155
156
157
158
159
160
161
162
163
164
165
166
167
168
169
170
171
172
173
174
175
176
177
178
179
180
181
182
183
184
185
186
187
188
189
190
191
192
193
194
195
196
197
198
199
200
201
202
203
204
205
206
207
208
209
210
211
212
213
214
215
216
217
218
219
220
221
222
223
224
225
226
227
228
229
230
231
232
233
234
235
236
237
238
239
240
241
242
243
244
245
246
247
248
249
250
251
252
253
254
255
256
257
258
259
260
261
262
263
264
265
266
267
268
269
270
271
272
273
274
275
276
277
278
279
280
281
282
283
284
285
286
287
288
289
290
291
292
293
294
295
296
297
298
299
300
301
302
303
304
305
306
307
308
309
310
311
312
313
314
315
316
317
318
319
320
321
322
323
324
325
326
327
328
329
330
331
332
333
334
335
336
337
338
339
340
341
342
343
344
345
346
347
348
349
350
351
352
353
354
355
356
357
358
359
360
361
362
363
364
365
366
367
368
369
370
371
372
373
374
375
376
377
378
379
380
381
382
383
384
385
386
387
388
389
390
391
392
393
394
395
396
397
398
399
400
401
402
403
404
405
406
407
408
409
410
411
412
413
414
415
416
417
418
419
420
421
422
423
424
425
426
427
428
429
430
431
432
433
434
435
436
437
438
439
440
441
442
443
444
445
446
447
448
449
450
451
452
453
454
455
456
457
458
459
460
461
462
463
464
465
466
467
468
469
470
471
472
473
474
475
476
477
478
479
480
481
482
483
484
485
486
487
488
489
490
491
492
493
494
495
496
497
498
499
0 1 [0]
0 8 [0]
0 59 [0]
0 131 [0]
0 198 [0]
0 215 [0]
0 394 [0]
0 4 [0]
0 8 [0]
2 11 [0]
3 14 [0]
7 22 [0]
0 36 [0]
10 37 [0]
43 45 [0]
27 48 [0]
28 50 [0]
29 51 [0]
16 54 [0]
15 55 [0]
56 58 [0]
12 63 [0]
27 65 [0]
47 65 [0]
30 66 [0]
13 69 [0]
4 70 [0]
51 74 [0]
50 75 [0]
28 76 [0]
37 80 [0]
77 82 [0]
50 83 [0]
6 89 [0]
18 91 [0]
63 92 [0]
1 93 [0]
73 93 [0]
41 95 [0]
95 99 [0]
47 101 [0]
65 101 [0]
31 103 [0]
45 108 [0]
9 110 [0]
34 111 [0]
48 112 [0]
103 112 [0]
48 114 [0]
103 114 [0]
39 115 [0]
66 116 [0]
66 117 [0]
84 119 [0]
4 121 [0]
51 121 [0]
75 121 [0]
111 122 [0]
65 123 [0]
111 123 [0]
107 124 [0]
78 126 [0]
25 129 [0]
0 131 [0]
59 131 [0]
1 132 [0]
11 133 [0]
81 133 [0]
83 133 [0]
49 135 [0]
41 136 [0]
99 136 [0]
99 137 [0]
109 138 [0]
44 140 [0]
112 140 [0]
103 142 [0]
103 143 [0]
46 147 [0]
0 149 [0]
62 150 [0]
62 151 [0]
141 152 [0]
115 153 [0]
49 154 [0]
129 154 [0]
147 155 [0]
52 157 [0]
117 157 [0]
148 158 [0]
88 160 [0]
88 161 [0]
56 162 [0]
69 162 [0]
53 163 [0]
58 163 [0]
137 164 [0]
31 165 [0]
143 165 [0]
9 167 [0]
77 170 [0]
82 170 [0]
32 171 [0]
133 171 [0]
6 173 [0]
116 174 [0]
52 175 [0]
156 175 [0]
31 177 [0]
61 178 [0]
17 181 [0]
156 181 [0]
180 181 [0]
145 182 [0]
145 183 [0]
161 184 [0]
53 188 [0]
59 188 [0]
163 188 [0]
19 189 [0]
52 189 [0]
157 189 [0]
60 192 [0]
102 193 [0]
178 193 [0]
107 195 [0]
0 198 [0]
149 198 [0]
36 199 [0]
87 200 [0]
35 201 [0]
110 201 [0]
89 202 [0]
173 202 [0]
88 203 [0]
202 203 [0]
55 204 [0]
16 205 [0]
28 206 [0]
107 208 [0]
23 209 [0]
102 210 [0]
193 210 [0]
55 211 [0]
176 211 [0]
68 213 [0]
186 213 [0]
32 214 [0]
1 215 [0]
82 215 [0]
108 216 [0]
90 218 [0]
144 218 [0]
90 219 [0]
176 219 [0]
218 219 [0]
24 221 [0]
190 221 [0]
153 222 [0]
137 223 [0]
152 223 [0]
171 224 [0]
215 225 [0]
91 226 [0]
145 227 [0]
124 228 [0]
7 229 [0]
124 229 [0]
228 229 [0]
180 230 [0]
169 231 [0]
148 234 [0]
91 236 [0]
183 236 [0]
210 236 [0]
91 237 [0]
119 237 [0]
236 237 [0]
64 238 [0]
101 238 [0]
47 239 [0]
105 240 [0]
204 240 [0]
60 241 [0]
192 241 [0]
66 242 [0]
85 242 [0]
61 243 [0]
118 243 [0]
178 243 [0]
237 243 [0]
212 244 [0]
188 245 [0]
13 246 [0]
213 246 [0]
186 247 [0]
212 247 [0]
244 247 [0]
171 248 [0]
17 250 [0]
180 250 [0]
231 250 [0]
169 251 [0]
250 251 [0]
110 252 [0]
20 253 [0]
129 253 [0]
252 253 [0]
182 254 [0]
31 255 [0]
165 255 [0]
210 255 [0]
5 256 [0]
98 256 [0]
34 257 [0]
183 258 [0]
227 258 [0]
227 259 [0]
44 260 [0]
144 260 [0]
144 261 [0]
23 262 [0]
209 262 [0]
125 263 [0]
37 265 [0]
215 266 [0]
60 268 [0]
241 268 [0]
178 269 [0]
219 269 [0]
24 270 [0]
191 270 [0]
221 270 [0]
219 271 [0]
269 271 [0]
159 272 [0]
235 272 [0]
148 273 [0]
224 274 [0]
171 275 [0]
106 276 [0]
21 277 [0]
223 277 [0]
151 278 [0]
150 279 [0]
276 279 [0]
38 280 [0]
64 280 [0]
146 280 [0]
239 280 [0]
112 281 [0]
120 282 [0]
34 284 [0]
147 284 [0]
34 285 [0]
95 285 [0]
110 285 [0]
252 285 [0]
3 286 [0]
88 286 [0]
3 287 [0]
286 287 [0]
171 288 [0]
224 288 [0]
207 290 [0]
81 292 [0]
267 292 [0]
133 293 [0]
248 293 [0]
291 293 [0]
185 294 [0]
232 295 [0]
274 296 [0]
214 297 [0]
290 297 [0]
22 298 [0]
279 298 [0]
22 299 [0]
63 299 [0]
73 299 [0]
93 299 [0]
199 299 [0]
298 299 [0]
74 300 [0]
51 301 [0]
88 301 [0]
161 301 [0]
283 301 [0]
300 301 [0]
47 302 [0]
49 302 [0]
281 302 [0]
54 303 [0]
72 304 [0]
228 304 [0]
72 305 [0]
229 305 [0]
291 306 [0]
132 307 [0]
306 307 [0]
110 309 [0]
140 310 [0]
31 311 [0]
140 311 [0]
171 312 [0]
264 312 [0]
37 313 [0]
80 313 [0]
312 313 [0]
15 315 [0]
205 315 [0]
196 316 [0]
39 317 [0]
316 317 [0]
180 318 [0]
17 319 [0]
157 319 [0]
42 320 [0]
61 321 [0]
62 323 [0]
151 323 [0]
16 324 [0]
126 324 [0]
205 324 [0]
138 325 [0]
205 325 [0]
175 326 [0]
66 327 [0]
156 327 [0]
175 327 [0]
250 327 [0]
319 327 [0]
63 328 [0]
173 328 [0]
14 329 [0]
78 330 [0]
78 331 [0]
126 331 [0]
216 331 [0]
115 332 [0]
26 333 [0]
115 333 [0]
256 333 [0]
317 333 [0]
40 334 [0]
86 335 [0]
167 335 [0]
72 337 [0]
304 337 [0]
329 337 [0]
94 338 [0]
114 338 [0]
98 339 [0]
176 340 [0]
271 340 [0]
105 341 [0]
240 341 [0]
321 341 [0]
195 342 [0]
228 342 [0]
329 342 [0]
124 343 [0]
228 343 [0]
96 344 [0]
29 345 [0]
96 345 [0]
42 346 [0]
271 346 [0]
341 346 [0]
105 347 [0]
211 347 [0]
340 347 [0]
207 349 [0]
290 349 [0]
306 349 [0]
289 350 [0]
293 350 [0]
297 350 [0]
248 351 [0]
296 351 [0]
41 352 [0]
35 353 [0]
201 353 [0]
14 354 [0]
287 354 [0]
14 355 [0]
53 355 [0]
134 355 [0]
188 355 [0]
329 355 [0]
356 357 [0]
226 358 [0]
18 359 [0]
182 359 [0]
227 359 [0]
258 359 [0]
57 360 [0]
158 360 [0]
273 360 [0]
69 361 [0]
235 361 [0]
360 361 [0]
85 362 [0]
168 362 [0]
116 363 [0]
20 364 [0]
253 364 [0]
155 365 [0]
18 366 [0]
145 366 [0]
182 366 [0]
277 366 [0]
152 367 [0]
223 367 [0]
12 368 [0]
92 368 [0]
22 369 [0]
229 369 [0]
104 370 [0]
138 370 [0]
221 370 [0]
104 371 [0]
190 371 [0]
370 371 [0]
126 372 [0]
221 372 [0]
321 372 [0]
341 372 [0]
108 373 [0]
372 373 [0]
37 374 [0]
264 374 [0]
290 374 [0]
313 374 [0]
73 375 [0]
132 375 [0]
328 375 [0]
135 376 [0]
35 377 [0]
135 377 [0]
308 377 [0]
141 378 [0]
223 378 [0]
366 378 [0]
152 379 [0]
367 379 [0]
213 380 [0]
130 381 [0]
278 382 [0]
18 383 [0]
278 383 [0]
382 383 [0]
161 384 [0]
232 384 [0]
29 385 [0]
97 385 [0]
16 386 [0]
54 386 [0]
127 386 [0]
189 386 [0]
331 386 [0]
242 387 [0]
49 388 [0]
281 388 [0]
303 388 [0]
49 389 [0]
154 389 [0]
21 390 [0]
383 390 [0]
207 392 [0]
290 392 [0]
307 393 [0]
0 394 [0]
11 394 [0]
133 394 [0]
4 395 [0]
14 395 [0]
286 395 [0]
354 395 [0]
26 396 [0]
196 396 [0]
39 397 [0]
114 397 [0]
316 397 [0]
338 397 [0]
15 398 [0]
314 398 [0]
16 399 [0]
55 399 [0]
211 399 [0]
315 399 [0]
9 400 [0]
285 400 [0]
9 401 [0]
167 401 [0]
352 401 [0]
291 402 [0]
293 402 [0]
215 403 [0]
357 403 [0]
150 404 [0]
322 404 [0]
276 405 [0]
383 405 [0]
391 405 [0]
215 407 [0]
356 407 [0]
99 408 [0]
137 408 [0]
164 408 [0]
332 408 [0]
143 409 [0]
222 409 [0]
233 410 [0]
385 410 [0]
294 411 [0]
321 412 [0]
217 413 [0]
321 413 [0]
373 413 [0]
412 413 [0]
191 414 [0]
270 414 [0]
179 415 [0]
204 415 [0]
325 415 [0]
97 416 [0]
232 416 [0]
384 416 [0]
232 417 [0]
384 417 [0]
416 417 [0]
357 418 [0]
406 418 [0]
292 419 [0]
407 419 [0]
61 420 [0]
387 420 [0]
242 421 [0]
420 421 [0]
69 422 [0]
246 422 [0]
13 423 [0]
186 423 [0]
246 423 [0]
406 424 [0]
292 425 [0]
402 425 [0]
418 425 [0]
424 425 [0]
224 426 [0]
297 426 [0]
274 427 [0]
296 427 [0]
426 427 [0]
140 428 [0]
177 428 [0]
261 428 [0]
102 429 [0]
177 429 [0]
218 429 [0]
204 430 [0]
315 430 [0]
55 431 [0]
240 431 [0]
71 432 [0]
29 433 [0]
184 433 [0]
345 433 [0]
43 434 [0]
126 434 [0]
373 434 [0]
126 435 [0]
331 435 [0]
125 436 [0]
263 436 [0]
125 437 [0]
137 437 [0]
262 437 [0]
277 437 [0]
42 438 [0]
139 438 [0]
241 438 [0]
321 438 [0]
139 439 [0]
321 439 [0]
438 439 [0]
61 440 [0]
91 440 [0]
189 440 [0]
299 440 [0]
19 441 [0]
189 441 [0]
420 441 [0]
188 442 [0]
386 442 [0]
59 443 [0]
188 443 [0]
442 443 [0]
125 444 [0]
209 444 [0]
436 444 [0]
209 445 [0]
436 445 [0]
225 446 [0]
291 446 [0]
403 446 [0]
132 447 [0]
266 447 [0]
28 448 [0]
80 448 [0]
76 449 [0]
312 449 [0]
86 450 [0]
308 450 [0]
86 451 [0]
308 451 [0]
450 451 [0]
120 452 [0]
344 452 [0]
120 453 [0]
283 453 [0]
345 453 [0]
452 453 [0]
96 454 [0]
432 454 [0]
96 455 [0]
345 455 [0]
433 455 [0]
7 456 [0]
107 456 [0]
194 456 [0]
229 456 [0]
444 456 [0]
194 457 [0]
329 457 [0]
355 457 [0]
328 458 [0]
336 459 [0]
135 460 [0]
377 460 [0]
135 461 [0]
376 461 [0]
234 462 [0]
69 463 [0]
234 463 [0]
462 463 [0]
86 464 [0]
128 464 [0]
335 464 [0]
9 465 [0]
87 465 [0]
128 465 [0]
167 465 [0]
335 465 [0]
46 466 [0]
146 466 [0]
284 466 [0]
100 467 [0]
123 467 [0]
280 467 [0]
2 468 [0]
11 468 [0]
4 469 [0]
70 469 [0]
133 469 [0]
290 470 [0]
348 470 [0]
393 470 [0]
306 471 [0]
348 471 [0]
392 471 [0]
116 472 [0]
174 472 [0]
85 473 [0]
168 473 [0]
175 473 [0]
362 473 [0]
441 473 [0]
188 474 [0]
381 474 [0]
68 475 [0]
213 475 [0]
474 475 [0]
53 476 [0]
158 476 [0]
198 476 [0]
272 476 [0]
148 477 [0]
462 477 [0]
130 478 [0]
380 478 [0]
474 478 [0]
213 479 [0]
474 479 [0]
33 480 [0]
203 480 [0]
411 480 [0]
88 481 [0]
233 481 [0]
385 481 [0]
417 481 [0]
27 482 [0]
65 482 [0]
122 482 [0]
5 483 [0]
34 483 [0]
98 483 [0]
257 483 [0]
10 484 [0]
50 484 [0]
385 484 [0]
10 485 [0]
173 485 [0]
265 485 [0]
328 485 [0]
385 485 [0]
480 485 [0]
332 486 [0]
26 487 [0]
256 487 [0]
338 487 [0]
129 488 [0]
364 488 [0]
129 489 [0]
253 489 [0]
43 490 [0]
108 490 [0]
43 491 [0]
108 491 [0]
434 491 [0]
150 492 [0]
279 492 [0]
405 492 [0]
106 493 [0]
298 493 [0]
405 493 [0]
77 494 [0]
215 494 [0]
292 494 [0]
356 495 [0]
403 495 [0]
40 496 [0]
200 496 [0]
465 496 [0]
200 497 [0]
464 497 [0]
336 498 [0]
458 498 [0]
63 499 [0]
305 499 [0]
337 499 [0]
458 499 [0]
498 499 [0]
1 93 [0]
1 215 [0]
1 447 [0]
2 133 [0]
2 469 [0]
3 14 [0]
3 287 [0]
4 11 [0]
4 121 [0]
4 395 [0]
4 469 [0]
5 256 [0]
5 483 [0]
6 89 [0]
6 286 [0]
6 337 [0]
7 229 [0]
7 369 [0]
7 493 [0]
8 149 [0]
8 395 [0]
9 110 [0]
9 352 [0]
9 401 [0]
10 37 [0]
10 385 [0]
10 485 [0]
11 394 [0]
12 63 [0]
12 92 [0]
12 368 [0]
13 131 [0]
13 422 [0]
14 287 [0]
14 354 [0]
14 395 [0]
15 204 [0]
15 398 [0]
16 44 [0]
16 126 [0]
16 324 [0]
16 399 [0]
17 181 [0]
17 318 [0]
17 327 [0]
18 151 [0]
18 226 [0]
18 278 [0]
18 366 [0]
19 189 [0]
19 440 [0]
20 154 [0]
20 253 [0]
20 488 [0]
21 390 [0]
21 405 [0]
21 456 [0]
22 298 [0]
22 369 [0]
23 262 [0]
23 437 [0]
24 221 [0]
24 325 [0]
24 414 [0]
25 46 [0]
25 239 [0]
25 302 [0]
26 94 [0]
26 317 [0]
26 338 [0]
26 487 [0]
27 65 [0]
27 482 [0]
28 50 [0]
28 83 [0]
28 448 [0]
28 484 [0]
29 51 [0]
29 121 [0]
29 385 [0]
30 66 [0]
30 189 [0]
30 386 [0]
31 112 [0]
31 142 [0]
31 177 [0]
31 311 [0]
32 171 [0]
32 264 [0]
32 290 [0]
32 312 [0]
33 203 [0]
33 481 [0]
34 155 [0]
34 256 [0]
34 284 [0]
34 333 [0]
34 483 [0]
35 201 [0]
35 377 [0]
36 199 [0]
37 265 [0]
37 374 [0]
38 65 [0]
38 123 [0]
38 280 [0]
39 103 [0]
39 115 [0]
39 397 [0]
40 464 [0]
40 496 [0]
41 95 [0]
41 136 [0]
41 285 [0]
41 377 [0]
42 241 [0]
42 320 [0]
42 346 [0]
42 439 [0]
43 434 [0]
43 491 [0]
44 140 [0]
44 260 [0]
45 108 [0]
45 491 [0]
46 146 [0]
46 280 [0]
46 489 [0]
47 65 [0]
47 239 [0]
48 65 [0]
48 114 [0]
48 302 [0]
49 110 [0]
49 154 [0]
49 303 [0]
49 388 [0]
50 75 [0]
50 133 [0]
50 469 [0]
51 74 [0]
51 283 [0]
51 301 [0]
52 156 [0]
52 175 [0]
52 189 [0]
52 441 [0]
53 162 [0]
53 188 [0]
53 476 [0]
54 140 [0]
54 303 [0]
54 386 [0]
55 211 [0]
55 347 [0]
55 399 [0]
56 58 [0]
56 162 [0]
57 148 [0]
57 360 [0]
57 463 [0]
58 163 [0]
59 188 [0]
59 443 [0]
60 192 [0]
60 268 [0]
61 178 [0]
61 321 [0]
61 420 [0]
61 440 [0]
62 151 [0]
62 404 [0]
63 299 [0]
63 368 [0]
63 499 [0]
64 238 [0]
65 101 [0]
65 123 [0]
65 482 [0]
66 116 [0]
66 157 [0]
66 319 [0]
66 362 [0]
67 299 [0]
67 442 [0]
68 212 [0]
68 244 [0]
68 247 [0]
69 131 [0]
69 159 [0]
69 163 [0]
69 272 [0]
69 422 [0]
69 477 [0]
70 121 [0]
71 282 [0]
71 432 [0]
71 455 [0]
72 304 [0]
72 337 [0]
73 93 [0]
73 328 [0]
74 300 [0]
75 121 [0]
76 80 [0]
76 448 [0]
77 82 [0]
77 215 [0]
78 126 [0]
78 331 [0]
79 108 [0]
79 216 [0]
79 373 [0]
80 448 [0]
81 133 [0]
81 292 [0]
82 133 [0]
82 215 [0]
83 133 [0]
83 206 [0]
84 118 [0]
84 237 [0]
85 362 [0]
85 421 [0]
86 167 [0]
86 450 [0]
86 464 [0]
87 200 [0]
87 309 [0]
87 451 [0]
87 465 [0]
88 160 [0]
88 203 [0]
88 301 [0]
88 481 [0]
89 173 [0]
89 286 [0]
90 218 [0]
91 151 [0]
91 226 [0]
91 237 [0]
91 440 [0]
92 368 [0]
93 299 [0]
94 338 [0]
94 397 [0]
95 136 [0]
96 344 [0]
96 432 [0]
96 453 [0]
96 455 [0]
97 385 [0]
97 417 [0]
98 114 [0]
98 338 [0]
98 483 [0]
99 136 [0]
99 197 [0]
99 332 [0]
100 123 [0]
101 238 [0]
101 280 [0]
102 210 [0]
102 219 [0]
103 112 [0]
103 115 [0]
103 143 [0]
103 165 [0]
103 409 [0]
104 370 [0]
105 240 [0]
105 346 [0]
106 276 [0]
106 298 [0]
107 124 [0]
107 208 [0]
107 342 [0]
107 456 [0]
108 331 [0]
108 434 [0]
108 491 [0]
109 221 [0]
109 370 [0]
109 372 [0]
110 154 [0]
110 252 [0]
110 309 [0]
110 465 [0]
111 123 [0]
111 466 [0]
111 482 [0]
112 140 [0]
112 281 [0]
112 311 [0]
113 258 [0]
113 359 [0]
114 397 [0]
115 153 [0]
115 332 [0]
115 408 [0]
116 175 [0]
116 362 [0]
116 472 [0]
117 157 [0]
118 119 [0]
118 243 [0]
119 237 [0]
120 282 [0]
120 453 [0]
121 395 [0]
122 482 [0]
124 228 [0]
124 343 [0]
125 277 [0]
125 437 [0]
126 324 [0]
126 331 [0]
126 386 [0]
126 435 [0]
127 242 [0]
127 386 [0]
128 464 [0]
129 154 [0]
129 364 [0]
129 488 [0]
130 187 [0]
130 381 [0]
130 479 [0]
131 423 [0]
132 291 [0]
132 307 [0]
132 375 [0]
132 447 [0]
133 171 [0]
133 394 [0]
134 194 [0]
134 262 [0]
134 376 [0]
134 444 [0]
134 457 [0]
135 137 [0]
135 355 [0]
135 377 [0]
135 461 [0]
137 223 [0]
137 377 [0]
137 437 [0]
138 205 [0]
138 325 [0]
139 320 [0]
139 439 [0]
140 310 [0]
140 428 [0]
141 366 [0]
141 379 [0]
143 165 [0]
143 367 [0]
144 176 [0]
144 218 [0]
144 261 [0]
144 429 [0]
145 183 [0]
145 236 [0]
145 255 [0]
145 366 [0]
146 466 [0]
147 155 [0]
147 365 [0]
147 489 [0]
148 234 [0]
148 360 [0]
148 463 [0]
149 198 [0]
150 279 [0]
150 404 [0]
151 278 [0]
151 299 [0]
151 323 [0]
151 404 [0]
152 223 [0]
152 378 [0]
153 222 [0]
154 252 [0]
154 488 [0]
155 284 [0]
156 175 [0]
156 230 [0]
156 327 [0]
157 189 [0]
158 162 [0]
158 360 [0]
158 477 [0]
159 361 [0]
160 203 [0]
161 301 [0]
162 476 [0]
163 422 [0]
164 222 [0]
164 408 [0]
165 255 [0]
165 367 [0]
166 465 [0]
167 335 [0]
167 450 [0]
168 174 [0]
168 472 [0]
169 231 [0]
169 251 [0]
170 292 [0]
171 224 [0]
171 274 [0]
171 288 [0]
171 312 [0]
172 229 [0]
172 305 [0]
173 328 [0]
173 458 [0]
173 498 [0]
174 473 [0]
175 327 [0]
176 211 [0]
176 219 [0]
176 347 [0]
177 255 [0]
177 428 [0]
178 192 [0]
178 241 [0]
178 269 [0]
179 204 [0]
179 270 [0]
179 415 [0]
180 230 [0]
180 318 [0]
181 319 [0]
182 359 [0]
183 226 [0]
183 236 [0]
184 301 [0]
184 416 [0]
185 233 [0]
185 410 [0]
186 213 [0]
186 247 [0]
187 213 [0]
187 478 [0]
188 247 [0]
188 386 [0]
188 442 [0]
188 474 [0]
189 386 [0]
189 441 [0]
190 221 [0]
190 371 [0]
191 270 [0]
191 415 [0]
192 268 [0]
193 219 [0]
193 237 [0]
193 269 [0]
194 456 [0]
195 228 [0]
195 343 [0]
196 396 [0]
197 285 [0]
197 333 [0]
198 272 [0]
199 299 [0]
200 464 [0]
200 497 [0]
201 353 [0]
202 480 [0]
203 480 [0]
204 240 [0]
204 325 [0]
204 430 [0]
205 315 [0]
205 325 [0]
205 430 [0]
206 312 [0]
207 249 [0]
207 349 [0]
208 342 [0]
208 457 [0]
209 436 [0]
209 445 [0]
210 255 [0]
211 260 [0]
211 399 [0]
212 245 [0]
213 246 [0]
213 380 [0]
213 479 [0]
214 288 [0]
214 426 [0]
215 266 [0]
215 403 [0]
215 447 [0]
216 331 [0]
217 412 [0]
218 219 [0]
219 269 [0]
219 340 [0]
220 414 [0]
221 370 [0]
221 372 [0]
222 409 [0]
223 367 [0]
223 437 [0]
224 288 [0]
224 427 [0]
225 403 [0]
226 258 [0]
226 359 [0]
227 258 [0]
227 359 [0]
228 304 [0]
228 343 [0]
229 305 [0]
229 456 [0]
230 250 [0]
231 250 [0]
232 295 [0]
232 416 [0]
233 294 [0]
233 410 [0]
233 481 [0]
234 463 [0]
235 360 [0]
235 476 [0]
236 255 [0]
238 280 [0]
239 302 [0]
240 347 [0]
241 268 [0]
241 271 [0]
242 373 [0]
242 387 [0]
242 421 [0]
244 247 [0]
245 475 [0]
246 422 [0]
248 293 [0]
248 350 [0]
249 349 [0]
249 471 [0]
250 318 [0]
251 327 [0]
252 285 [0]
253 364 [0]
253 489 [0]
254 359 [0]
256 333 [0]
256 487 [0]
257 483 [0]
258 359 [0]
260 428 [0]
261 429 [0]
263 436 [0]
263 445 [0]
264 313 [0]
265 374 [0]
265 485 [0]
266 447 [0]
267 407 [0]
267 494 [0]
270 341 [0]
270 414 [0]
271 340 [0]
272 361 [0]
273 360 [0]
274 351 [0]
275 312 [0]
276 405 [0]
276 493 [0]
277 378 [0]
277 390 [0]
277 444 [0]
278 383 [0]
279 299 [0]
279 492 [0]
281 302 [0]
282 344 [0]
282 453 [0]
283 300 [0]
283 345 [0]
284 466 [0]
285 352 [0]
286 287 [0]
286 354 [0]
287 354 [0]
289 350 [0]
289 427 [0]
290 297 [0]
290 349 [0]
290 374 [0]
290 470 [0]
291 306 [0]
291 402 [0]
292 293 [0]
292 419 [0]
292 494 [0]
293 349 [0]
293 402 [0]
294 411 [0]
294 485 [0]
295 417 [0]
296 351 [0]
297 350 [0]
298 299 [0]
299 440 [0]
300 301 [0]
301 433 [0]
302 388 [0]
303 355 [0]
304 329 [0]
304 342 [0]
305 499 [0]
306 349 [0]
307 374 [0]
307 470 [0]
308 353 [0]
308 401 [0]
308 451 [0]
310 428 [0]
312 449 [0]
313 449 [0]
314 399 [0]
315 430 [0]
316 396 [0]
317 333 [0]
319 327 [0]
320 439 [0]
321 372 [0]
321 412 [0]
321 438 [0]
322 382 [0]
322 404 [0]
324 372 [0]
325 415 [0]
326 441 [0]
327 363 [0]
328 458 [0]
328 499 [0]
329 342 [0]
329 457 [0]
331 386 [0]
331 491 [0]
332 408 [0]
333 486 [0]
334 496 [0]
335 464 [0]
336 458 [0]
336 498 [0]
337 499 [0]
338 487 [0]
340 346 [0]
341 346 [0]
341 439 [0]
344 452 [0]
345 433 [0]
345 455 [0]
347 431 [0]
348 393 [0]
348 471 [0]
350 427 [0]
352 401 [0]
353 451 [0]
355 395 [0]
355 461 [0]
356 407 [0]
356 419 [0]
356 425 [0]
357 402 [0]
357 418 [0]
357 495 [0]
360 361 [0]
362 472 [0]
364 488 [0]
366 367 [0]
366 379 [0]
369 499 [0]
372 373 [0]
372 413 [0]
373 413 [0]
375 485 [0]
376 461 [0]
377 460 [0]
380 474 [0]
381 474 [0]
381 479 [0]
383 390 [0]
384 416 [0]
384 481 [0]
385 417 [0]
385 481 [0]
385 485 [0]
387 413 [0]
387 421 [0]
391 405 [0]
391 493 [0]
392 471 [0]
393 471 [0]
398 399 [0]
402 418 [0]
403 407 [0]
403 495 [0]
404 492 [0]
405 493 [0]
406 424 [0]
407 419 [0]
407 495 [0]
411 480 [0]
412 413 [0]
416 417 [0]
418 424 [0]
419 425 [0]
420 440 [0]
420 473 [0]
424 425 [0]
432 454 [0]
433 453 [0]
434 435 [0]
434 491 [0]
436 444 [0]
438 439 [0]
441 473 [0]
444 456 [0]
448 484 [0]
451 464 [0]
453 455 [0]
458 459 [0]
458 499 [0]
459 499 [0]
462 477 [0]
464 465 [0]
465 496 [0]
468 469 [0]
474 478 [0]
475 479 [0]
480 485 [0]
0 4 [1]
0 36 [1]
0 69 [1]
0 149 [1]
0 199 [1]
0 299 [1]
0 1 [1]
3 6 [1]
4 8 [1]
4 11 [1]
6 14 [1]
5 34 [1]
1 36 [1]
16 44 [1]
25 46 [1]
47 48 [1]
29 50 [1]
8 53 [1]
44 54 [1]
53 58 [1]
0 59 [1]
22 63 [1]
38 65 [1]
48 65 [1]
0 69 [1]
56 69 [1]
12 73 [1]
29 75 [1]
70 75 [1]
10 80 [1]
76 80 [1]
28 83 [1]
66 85 [1]
88 89 [1]
12 92 [1]
73 92 [1]
36 93 [1]
26 94 [1]
41 99 [1]
38 100 [1]
64 101 [1]
90 102 [1]
39 103 [1]
79 108 [1]
49 110 [1]
31 112 [1]
54 112 [1]
39 114 [1]
98 114 [1]
112 114 [1]
103 115 [1]
30 117 [1]
84 118 [1]
118 119 [1]
29 121 [1]
70 121 [1]
65 122 [1]
38 123 [1]
100 123 [1]
122 123 [1]
16 126 [1]
79 127 [1]
46 129 [1]
13 131 [1]
69 131 [1]
2 133 [1]
50 133 [1]
82 133 [1]
35 135 [1]
110 135 [1]
95 136 [1]
41 137 [1]
135 137 [1]
31 140 [1]
54 140 [1]
31 142 [1]
112 142 [1]
46 146 [1]
57 148 [1]
8 149 [1]
18 151 [1]
91 151 [1]
103 153 [1]
20 154 [1]
110 154 [1]
34 155 [1]
52 156 [1]
66 157 [1]
69 158 [1]
69 159 [1]
89 160 [1]
53 162 [1]
58 162 [1]
158 162 [1]
56 163 [1]
69 163 [1]
143 164 [1]
103 165 [1]
87 166 [1]
86 167 [1]
81 170 [1]
133 170 [1]
83 171 [1]
72 172 [1]
89 173 [1]
168 174 [1]
116 175 [1]
144 176 [1]
60 178 [1]
17 180 [1]
52 181 [1]
157 181 [1]
18 182 [1]
91 183 [1]
97 184 [1]
130 187 [1]
54 188 [1]
131 188 [1]
186 188 [1]
30 189 [1]
117 189 [1]
104 190 [1]
178 192 [1]
119 193 [1]
134 194 [1]
99 197 [1]
69 198 [1]
0 199 [1]
93 199 [1]
166 200 [1]
87 201 [1]
135 201 [1]
160 202 [1]
33 203 [1]
160 203 [1]
15 204 [1]
179 204 [1]
138 205 [1]
83 206 [1]
194 208 [1]
134 209 [1]
177 210 [1]
44 211 [1]
144 211 [1]
68 212 [1]
130 213 [1]
187 213 [1]
0 215 [1]
77 215 [1]
79 216 [1]
127 216 [1]
102 218 [1]
176 218 [1]
102 219 [1]
193 219 [1]
191 220 [1]
109 221 [1]
103 222 [1]
164 222 [1]
143 223 [1]
164 223 [1]
214 224 [1]
18 226 [1]
183 226 [1]
183 227 [1]
195 228 [1]
107 229 [1]
172 229 [1]
156 230 [1]
181 230 [1]
185 233 [1]
158 235 [1]
145 236 [1]
193 236 [1]
84 237 [1]
118 237 [1]
193 237 [1]
38 238 [1]
65 238 [1]
25 239 [1]
101 239 [1]
179 240 [1]
42 241 [1]
178 241 [1]
30 242 [1]
79 242 [1]
127 242 [1]
91 243 [1]
119 243 [1]
193 243 [1]
68 244 [1]
68 245 [1]
212 245 [1]
186 246 [1]
68 247 [1]
188 247 [1]
213 247 [1]
245 247 [1]
207 249 [1]
169 250 [1]
230 250 [1]
156 251 [1]
230 251 [1]
20 252 [1]
154 252 [1]
34 253 [1]
155 253 [1]
145 254 [1]
227 254 [1]
145 255 [1]
177 255 [1]
236 255 [1]
34 256 [1]
27 257 [1]
113 258 [1]
226 258 [1]
145 259 [1]
254 259 [1]
140 260 [1]
211 260 [1]
177 261 [1]
134 262 [1]
23 263 [1]
32 264 [1]
132 265 [1]
225 266 [1]
192 268 [1]
60 269 [1]
193 269 [1]
241 269 [1]
179 270 [1]
220 270 [1]
42 271 [1]
241 271 [1]
69 272 [1]
198 272 [1]
57 273 [1]
171 274 [1]
83 275 [1]
206 275 [1]
18 277 [1]
125 277 [1]
18 278 [1]
106 279 [1]
151 279 [1]
25 280 [1]
46 280 [1]
101 280 [1]
238 280 [1]
48 281 [1]
71 282 [1]
51 283 [1]
111 284 [1]
155 284 [1]
41 285 [1]
99 285 [1]
197 285 [1]
253 285 [1]
6 286 [1]
89 286 [1]
14 287 [1]
32 288 [1]
214 288 [1]
32 290 [1]
132 291 [1]
170 292 [1]
81 293 [1]
171 293 [1]
290 293 [1]
292 293 [1]
233 294 [1]
248 296 [1]
32 297 [1]
289 297 [1]
7 298 [1]
106 298 [1]
0 299 [1]
59 299 [1]
67 299 [1]
92 299 [1]
151 299 [1]
279 299 [1]
51 300 [1]
283 300 [1]
74 301 [1]
121 301 [1]
184 301 [1]
286 301 [1]
25 302 [1]
48 302 [1]
239 302 [1]
49 303 [1]
112 303 [1]
172 304 [1]
229 304 [1]
172 305 [1]
132 306 [1]
293 306 [1]
290 307 [1]
87 309 [1]
201 309 [1]
260 310 [1]
112 311 [1]
32 312 [1]
206 312 [1]
275 312 [1]
76 313 [1]
264 313 [1]
55 314 [1]
204 315 [1]
26 316 [1]
26 317 [1]
115 317 [1]
17 318 [1]
250 318 [1]
66 319 [1]
181 319 [1]
139 320 [1]
151 322 [1]
150 323 [1]
279 323 [1]
109 324 [1]
138 324 [1]
24 325 [1]
204 325 [1]
52 326 [1]
17 327 [1]
116 327 [1]
169 327 [1]
231 327 [1]
251 327 [1]
12 328 [1]
73 328 [1]
6 329 [1]
304 329 [1]
126 330 [1]
108 331 [1]
127 331 [1]
99 332 [1]
197 332 [1]
34 333 [1]
197 333 [1]
285 333 [1]
332 333 [1]
200 334 [1]
128 335 [1]
6 337 [1]
173 337 [1]
305 337 [1]
26 338 [1]
98 338 [1]
5 339 [1]
256 339 [1]
219 340 [1]
42 341 [1]
179 341 [1]
270 341 [1]
107 342 [1]
208 342 [1]
304 342 [1]
107 343 [1]
195 343 [1]
71 344 [1]
282 344 [1]
51 345 [1]
283 345 [1]
105 346 [1]
340 346 [1]
55 347 [1]
176 347 [1]
240 347 [1]
346 347 [1]
249 349 [1]
293 349 [1]
248 350 [1]
290 350 [1]
296 350 [1]
171 351 [1]
274 351 [1]
9 352 [1]
285 352 [1]
87 353 [1]
308 353 [1]
286 354 [1]
8 355 [1]
49 355 [1]
54 355 [1]
135 355 [1]
303 355 [1]
291 357 [1]
113 358 [1]
258 358 [1]
113 359 [1]
226 359 [1]
254 359 [1]
358 359 [1]
148 360 [1]
235 360 [1]
57 361 [1]
159 361 [1]
272 361 [1]
66 362 [1]
116 362 [1]
66 363 [1]
327 363 [1]
129 364 [1]
147 365 [1]
253 365 [1]
141 366 [1]
165 366 [1]
255 366 [1]
143 367 [1]
165 367 [1]
366 367 [1]
63 368 [1]
7 369 [1]
63 369 [1]
24 370 [1]
109 370 [1]
190 370 [1]
325 370 [1]
109 371 [1]
221 371 [1]
109 372 [1]
217 372 [1]
270 372 [1]
324 372 [1]
79 373 [1]
242 373 [1]
32 374 [1]
132 374 [1]
265 374 [1]
307 374 [1]
1 375 [1]
93 375 [1]
265 375 [1]
134 376 [1]
137 376 [1]
41 377 [1]
137 377 [1]
353 377 [1]
152 378 [1]
277 378 [1]
141 379 [1]
366 379 [1]
187 380 [1]
246 380 [1]
151 382 [1]
322 382 [1]
277 383 [1]
322 383 [1]
88 384 [1]
184 384 [1]
10 385 [1]
50 385 [1]
233 385 [1]
30 386 [1]
126 386 [1]
188 386 [1]
242 386 [1]
61 387 [1]
321 387 [1]
112 388 [1]
302 388 [1]
25 389 [1]
129 389 [1]
302 389 [1]
277 390 [1]
21 391 [1]
249 392 [1]
348 392 [1]
348 393 [1]
4 394 [1]
82 394 [1]
215 394 [1]
8 395 [1]
121 395 [1]
301 395 [1]
355 395 [1]
94 396 [1]
316 396 [1]
94 397 [1]
196 397 [1]
317 397 [1]
396 397 [1]
55 398 [1]
15 399 [1]
44 399 [1]
205 399 [1]
314 399 [1]
398 399 [1]
110 400 [1]
352 400 [1]
41 401 [1]
308 401 [1]
377 401 [1]
292 402 [1]
357 402 [1]
225 403 [1]
62 404 [1]
151 404 [1]
21 405 [1]
322 405 [1]
390 405 [1]
404 405 [1]
267 407 [1]
403 407 [1]
115 408 [1]
153 408 [1]
222 408 [1]
103 409 [1]
164 409 [1]
185 410 [1]
294 410 [1]
233 411 [1]
217 412 [1]
372 412 [1]
242 413 [1]
372 413 [1]
387 413 [1]
24 414 [1]
220 414 [1]
24 415 [1]
191 415 [1]
270 415 [1]
414 415 [1]
184 416 [1]
295 416 [1]
97 417 [1]
295 417 [1]
385 417 [1]
356 418 [1]
402 418 [1]
267 419 [1]
356 419 [1]
19 420 [1]
85 420 [1]
85 421 [1]
387 421 [1]
13 422 [1]
163 422 [1]
380 422 [1]
131 423 [1]
188 423 [1]
356 424 [1]
418 424 [1]
356 425 [1]
406 425 [1]
419 425 [1]
214 426 [1]
289 426 [1]
224 427 [1]
289 427 [1]
350 427 [1]
31 428 [1]
144 428 [1]
260 428 [1]
310 428 [1]
144 429 [1]
210 429 [1]
261 429 [1]
205 430 [1]
325 430 [1]
204 431 [1]
347 431 [1]
96 432 [1]
97 433 [1]
301 433 [1]
385 433 [1]
108 434 [1]
372 434 [1]
78 435 [1]
330 435 [1]
434 435 [1]
209 436 [1]
23 437 [1]
134 437 [1]
223 437 [1]
263 437 [1]
376 437 [1]
61 438 [1]
178 438 [1]
320 438 [1]
42 439 [1]
320 439 [1]
341 439 [1]
19 440 [1]
67 440 [1]
151 440 [1]
243 440 [1]
420 440 [1]
52 441 [1]
326 441 [1]
67 442 [1]
189 442 [1]
440 442 [1]
67 443 [1]
299 443 [1]
21 444 [1]
134 444 [1]
277 444 [1]
23 445 [1]
263 445 [1]
132 446 [1]
266 446 [1]
357 446 [1]
1 447 [1]
215 447 [1]
446 447 [1]
76 448 [1]
28 449 [1]
206 449 [1]
313 449 [1]
167 450 [1]
401 450 [1]
87 451 [1]
353 451 [1]
96 452 [1]
282 452 [1]
96 453 [1]
282 453 [1]
301 453 [1]
433 453 [1]
71 454 [1]
344 454 [1]
71 455 [1]
282 455 [1]
432 455 [1]
453 455 [1]
21 456 [1]
134 456 [1]
208 456 [1]
391 456 [1]
134 457 [1]
208 457 [1]
342 457 [1]
173 458 [1]
336 458 [1]
458 459 [1]
137 460 [1]
134 461 [1]
355 461 [1]
148 462 [1]
57 463 [1]
148 463 [1]
361 463 [1]
40 464 [1]
87 464 [1]
200 464 [1]
451 464 [1]
40 465 [1]
110 465 [1]
166 465 [1]
309 465 [1]
464 465 [1]
111 466 [1]
147 466 [1]
38 467 [1]
111 467 [1]
146 467 [1]
466 467 [1]
4 468 [1]
2 469 [1]
50 469 [1]
75 469 [1]
468 469 [1]
307 470 [1]
392 470 [1]
249 471 [1]
307 471 [1]
349 471 [1]
393 471 [1]
168 472 [1]
362 472 [1]
116 473 [1]
174 473 [1]
326 473 [1]
420 473 [1]
163 474 [1]
380 474 [1]
422 474 [1]
188 475 [1]
245 475 [1]
8 476 [1]
149 476 [1]
162 476 [1]
235 476 [1]
69 477 [1]
158 477 [1]
463 477 [1]
187 478 [1]
381 478 [1]
130 479 [1]
381 479 [1]
475 479 [1]
202 480 [1]
294 480 [1]
33 481 [1]
203 481 [1]
384 481 [1]
411 481 [1]
480 481 [1]
34 482 [1]
111 482 [1]
257 482 [1]
27 483 [1]
48 483 [1]
114 483 [1]
339 483 [1]
28 484 [1]
80 484 [1]
448 484 [1]
37 485 [1]
202 485 [1]
294 485 [1]
375 485 [1]
410 485 [1]
197 486 [1]
333 486 [1]
98 487 [1]
333 487 [1]
20 488 [1]
154 488 [1]
46 489 [1]
147 489 [1]
365 489 [1]
45 490 [1]
434 490 [1]
45 491 [1]
331 491 [1]
435 491 [1]
276 492 [1]
404 492 [1]
7 493 [1]
276 493 [1]
391 493 [1]
456 493 [1]
170 494 [1]
267 494 [1]
407 494 [1]
357 495 [1]
407 495 [1]
166 496 [1]
334 496 [1]
40 497 [1]
334 497 [1]
173 498 [1]
337 498 [1]
459 498 [1]
229 499 [1]
328 499 [1]
369 499 [1]
459 499 [1]
1 36 [1]
1 132 [1]
1 375 [1]
2 11 [1]
2 468 [1]
3 6 [1]
3 286 [1]
4 8 [1]
4 70 [1]
4 394 [1]
4 468 [1]
5 34 [1]
5 339 [1]
6 14 [1]
6 173 [1]
6 329 [1]
7 22 [1]
7 298 [1]
7 456 [1]
8 53 [1]
8 355 [1]
8 476 [1]
9 167 [1]
9 400 [1]
9 465 [1]
10 80 [1]
10 484 [1]
11 133 [1]
11 468 [1]
12 73 [1]
12 328 [1]
13 69 [1]
13 246 [1]
13 423 [1]
14 329 [1]
14 355 [1]
15 55 [1]
15 315 [1]
15 399 [1]
16 54 [1]
16 205 [1]
16 386 [1]
17 180 [1]
17 250 [1]
17 319 [1]
18 91 [1]
18 182 [1]
18 277 [1]
18 359 [1]
18 383 [1]
19 420 [1]
19 441 [1]
20 252 [1]
20 364 [1]
21 277 [1]
21 391 [1]
21 444 [1]
22 63 [1]
22 299 [1]
23 209 [1]
23 263 [1]
23 445 [1]
24 270 [1]
24 370 [1]
24 415 [1]
25 129 [1]
25 280 [1]
25 389 [1]
26 316 [1]
26 333 [1]
26 396 [1]
27 48 [1]
27 257 [1]
27 483 [1]
28 76 [1]
28 206 [1]
28 449 [1]
29 50 [1]
29 75 [1]
29 345 [1]
29 433 [1]
30 117 [1]
30 242 [1]
31 103 [1]
31 140 [1]
31 165 [1]
31 255 [1]
31 428 [1]
32 214 [1]
32 288 [1]
32 297 [1]
32 374 [1]
33 480 [1]
34 111 [1]
34 253 [1]
34 257 [1]
34 285 [1]
34 482 [1]
35 135 [1]
35 353 [1]
36 93 [1]
37 80 [1]
37 313 [1]
37 485 [1]
38 100 [1]
38 238 [1]
38 467 [1]
39 114 [1]
39 317 [1]
40 334 [1]
40 465 [1]
40 497 [1]
41 99 [1]
41 137 [1]
41 352 [1]
41 401 [1]
42 271 [1]
42 341 [1]
42 438 [1]
43 45 [1]
43 490 [1]
44 54 [1]
44 211 [1]
44 399 [1]
45 490 [1]
46 129 [1]
46 147 [1]
46 466 [1]
47 48 [1]
47 101 [1]
47 302 [1]
48 112 [1]
48 281 [1]
48 483 [1]
49 135 [1]
49 302 [1]
49 355 [1]
49 389 [1]
50 83 [1]
50 385 [1]
50 484 [1]
51 121 [1]
51 300 [1]
51 345 [1]
52 157 [1]
52 181 [1]
52 326 [1]
53 58 [1]
53 163 [1]
53 355 [1]
54 112 [1]
54 188 [1]
54 355 [1]
55 204 [1]
55 314 [1]
55 398 [1]
55 431 [1]
56 69 [1]
56 163 [1]
57 273 [1]
57 361 [1]
58 162 [1]
59 131 [1]
59 299 [1]
60 178 [1]
60 241 [1]
60 269 [1]
61 243 [1]
61 387 [1]
61 438 [1]
62 150 [1]
62 323 [1]
63 92 [1]
63 328 [1]
63 369 [1]
64 101 [1]
64 280 [1]
65 122 [1]
65 238 [1]
66 85 [1]
66 117 [1]
66 242 [1]
66 327 [1]
66 363 [1]
67 440 [1]
67 443 [1]
68 213 [1]
68 245 [1]
68 475 [1]
69 158 [1]
69 162 [1]
69 198 [1]
69 361 [1]
69 463 [1]
70 75 [1]
70 469 [1]
71 344 [1]
71 454 [1]
72 172 [1]
72 305 [1]
73 92 [1]
73 299 [1]
73 375 [1]
74 301 [1]
75 469 [1]
76 313 [1]
76 449 [1]
77 170 [1]
77 494 [1]
78 330 [1]
78 435 [1]
79 127 [1]
79 242 [1]
80 313 [1]
80 484 [1]
81 170 [1]
81 293 [1]
82 170 [1]
82 394 [1]
83 171 [1]
83 275 [1]
84 119 [1]
85 242 [1]
85 420 [1]
85 473 [1]
86 335 [1]
86 451 [1]
87 166 [1]
87 201 [1]
87 353 [1]
87 464 [1]
88 89 [1]
88 161 [1]
88 286 [1]
88 384 [1]
89 160 [1]
89 202 [1]
90 102 [1]
90 219 [1]
91 183 [1]
91 236 [1]
91 243 [1]
92 299 [1]
93 199 [1]
93 375 [1]
94 396 [1]
95 99 [1]
95 285 [1]
96 345 [1]
96 452 [1]
96 454 [1]
97 184 [1]
97 416 [1]
97 433 [1]
98 256 [1]
98 339 [1]
98 487 [1]
99 137 [1]
99 285 [1]
99 408 [1]
100 467 [1]
101 239 [1]
102 193 [1]
102 218 [1]
102 429 [1]
103 114 [1]
103 142 [1]
103 153 [1]
103 222 [1]
104 190 [1]
104 371 [1]
105 341 [1]
105 347 [1]
106 279 [1]
106 493 [1]
107 195 [1]
107 229 [1]
107 343 [1]
108 216 [1]
108 373 [1]
108 490 [1]
109 138 [1]
109 324 [1]
109 371 [1]
110 135 [1]
110 201 [1]
110 285 [1]
110 400 [1]
111 122 [1]
111 284 [1]
111 467 [1]
112 114 [1]
112 142 [1]
112 303 [1]
112 388 [1]
113 358 [1]
114 338 [1]
114 483 [1]
115 317 [1]
115 333 [1]
116 174 [1]
116 327 [1]
116 363 [1]
116 473 [1]
117 189 [1]
118 237 [1]
119 193 [1]
119 243 [1]
120 452 [1]
121 301 [1]
122 123 [1]
123 467 [1]
124 229 [1]
125 263 [1]
125 436 [1]
125 444 [1]
126 330 [1]
126 372 [1]
126 434 [1]
127 216 [1]
127 331 [1]
128 335 [1]
128 465 [1]
129 253 [1]
129 389 [1]
129 489 [1]
130 213 [1]
130 478 [1]
131 188 [1]
132 265 [1]
132 306 [1]
132 374 [1]
132 446 [1]
133 170 [1]
133 293 [1]
133 469 [1]
134 209 [1]
134 355 [1]
134 437 [1]
134 456 [1]
134 461 [1]
135 201 [1]
135 376 [1]
135 460 [1]
137 164 [1]
137 376 [1]
137 408 [1]
137 460 [1]
138 324 [1]
138 370 [1]
139 438 [1]
140 260 [1]
140 311 [1]
141 152 [1]
141 378 [1]
143 164 [1]
143 223 [1]
143 409 [1]
144 211 [1]
144 260 [1]
144 428 [1]
145 182 [1]
145 227 [1]
145 254 [1]
145 259 [1]
146 280 [1]
146 467 [1]
147 284 [1]
147 466 [1]
148 158 [1]
148 273 [1]
148 462 [1]
148 477 [1]
149 476 [1]
150 323 [1]
150 492 [1]
151 279 [1]
151 322 [1]
151 382 [1]
151 440 [1]
152 367 [1]
152 379 [1]
153 408 [1]
154 389 [1]
155 253 [1]
155 365 [1]
156 181 [1]
156 251 [1]
157 181 [1]
157 319 [1]
158 235 [1]
158 476 [1]
159 272 [1]
160 202 [1]
161 184 [1]
161 384 [1]
163 188 [1]
163 474 [1]
164 223 [1]
164 409 [1]
165 366 [1]
166 200 [1]
166 496 [1]
167 401 [1]
167 465 [1]
168 362 [1]
168 473 [1]
169 250 [1]
169 327 [1]
170 494 [1]
171 248 [1]
171 275 [1]
171 293 [1]
171 351 [1]
172 304 [1]
173 202 [1]
173 337 [1]
173 485 [1]
174 472 [1]
175 326 [1]
175 473 [1]
176 218 [1]
176 340 [1]
177 210 [1]
177 261 [1]
177 429 [1]
178 193 [1]
178 243 [1]
178 438 [1]
179 240 [1]
179 341 [1]
180 181 [1]
180 250 [1]
181 230 [1]
182 254 [1]
182 366 [1]
183 227 [1]
183 258 [1]
184 384 [1]
184 433 [1]
185 294 [1]
186 188 [1]
186 246 [1]
186 423 [1]
187 380 [1]
188 245 [1]
188 355 [1]
188 423 [1]
188 443 [1]
188 475 [1]
189 440 [1]
189 442 [1]
190 370 [1]
191 220 [1]
191 414 [1]
192 241 [1]
193 210 [1]
193 236 [1]
193 243 [1]
194 208 [1]
194 457 [1]
195 342 [1]
196 316 [1]
196 397 [1]
197 332 [1]
197 486 [1]
198 476 [1]
200 334 [1]
200 496 [1]
201 309 [1]
202 203 [1]
202 485 [1]
203 481 [1]
204 315 [1]
204 415 [1]
204 431 [1]
205 324 [1]
205 399 [1]
206 275 [1]
206 449 [1]
207 290 [1]
207 392 [1]
208 456 [1]
209 262 [1]
209 444 [1]
210 236 [1]
210 429 [1]
211 347 [1]
212 244 [1]
212 247 [1]
213 247 [1]
213 475 [1]
214 224 [1]
214 297 [1]
215 225 [1]
215 394 [1]
215 407 [1]
215 494 [1]
217 372 [1]
217 413 [1]
218 429 [1]
219 271 [1]
220 270 [1]
221 270 [1]
221 371 [1]
222 408 [1]
223 277 [1]
223 378 [1]
224 274 [1]
224 426 [1]
225 266 [1]
225 446 [1]
226 358 [1]
227 254 [1]
227 259 [1]
228 229 [1]
228 342 [1]
229 304 [1]
229 369 [1]
229 499 [1]
230 251 [1]
231 327 [1]
232 384 [1]
232 417 [1]
233 385 [1]
233 411 [1]
234 462 [1]
235 272 [1]
235 361 [1]
236 237 [1]
237 243 [1]
239 280 [1]
240 341 [1]
240 431 [1]
241 269 [1]
241 438 [1]
242 386 [1]
242 413 [1]
243 440 [1]
245 247 [1]
246 380 [1]
246 423 [1]
248 296 [1]
248 351 [1]
249 392 [1]
250 251 [1]
250 327 [1]
252 253 [1]
253 285 [1]
253 365 [1]
254 259 [1]
255 366 [1]
256 339 [1]
257 482 [1]
258 358 [1]
260 310 [1]
261 428 [1]
262 437 [1]
263 437 [1]
264 312 [1]
264 374 [1]
265 375 [1]
266 446 [1]
267 292 [1]
267 419 [1]
269 271 [1]
270 372 [1]
270 415 [1]
271 346 [1]
272 476 [1]
274 296 [1]
274 427 [1]
276 279 [1]
276 492 [1]
277 366 [1]
277 383 [1]
277 437 [1]
278 382 [1]
279 298 [1]
279 323 [1]
280 467 [1]
281 388 [1]
282 452 [1]
282 455 [1]
283 301 [1]
283 453 [1]
285 333 [1]
285 400 [1]
286 301 [1]
286 395 [1]
289 297 [1]
289 426 [1]
290 293 [1]
290 307 [1]
290 350 [1]
290 392 [1]
291 293 [1]
291 357 [1]
291 446 [1]
292 402 [1]
292 425 [1]
293 306 [1]
293 350 [1]
294 410 [1]
294 480 [1]
295 416 [1]
296 350 [1]
296 427 [1]
297 426 [1]
298 493 [1]
299 443 [1]
301 395 [1]
301 453 [1]
302 389 [1]
303 388 [1]
304 337 [1]
305 337 [1]
306 307 [1]
306 471 [1]
307 393 [1]
307 471 [1]
308 377 [1]
308 450 [1]
309 465 [1]
312 313 [1]
313 374 [1]
314 398 [1]
315 399 [1]
316 317 [1]
316 397 [1]
317 397 [1]
320 438 [1]
321 341 [1]
321 387 [1]
321 413 [1]
321 439 [1]
322 383 [1]
322 405 [1]
325 370 [1]
325 430 [1]
326 473 [1]
328 375 [1]
328 485 [1]
329 337 [1]
329 355 [1]
330 435 [1]
331 435 [1]
332 333 [1]
332 486 [1]
333 487 [1]
334 497 [1]
335 465 [1]
336 459 [1]
337 498 [1]
338 397 [1]
339 483 [1]
340 347 [1]
341 372 [1]
342 457 [1]
344 454 [1]
345 453 [1]
346 347 [1]
348 392 [1]
348 470 [1]
349 471 [1]
352 400 [1]
353 377 [1]
354 395 [1]
355 457 [1]
356 357 [1]
356 418 [1]
356 424 [1]
356 495 [1]
357 403 [1]
357 446 [1]
358 359 [1]
361 463 [1]
362 473 [1]
365 489 [1]
366 378 [1]
367 379 [1]
370 371 [1]
372 412 [1]
372 434 [1]
373 434 [1]
376 437 [1]
377 401 [1]
380 422 [1]
380 478 [1]
381 478 [1]
382 383 [1]
383 405 [1]
384 417 [1]
385 410 [1]
385 433 [1]
385 484 [1]
386 442 [1]
387 420 [1]
390 405 [1]
391 456 [1]
392 470 [1]
393 470 [1]
396 397 [1]
401 450 [1]
402 425 [1]
403 446 [1]
404 405 [1]
405 492 [1]
406 418 [1]
406 425 [1]
407 494 [1]
410 485 [1]
411 481 [1]
414 415 [1]
417 481 [1]
418 425 [1]
420 421 [1]
420 441 [1]
422 474 [1]
426 427 [1]
432 455 [1]
433 455 [1]
434 490 [1]
435 491 [1]
436 445 [1]
440 442 [1]
442 443 [1]
446 447 [1]
450 451 [1]
452 453 [1]
456 493 [1]
458 498 [1]
459 498 [1]
462 463 [1]
463 477 [1]
464 497 [1]
466 467 [1]
474 475 [1]
474 479 [1]
480 481 [1]
498 499 [1]
