16
2
0
1
2
3
4
5
6
7
8
9
10
11
12
13
14
15
0 4 [0]
0 12 [0]
2 3 [0]
2 3 [0]
0 4 [0]
4 5 [0]
3 6 [0]
3 7 [0]
0 8 [0]
2 9 [0]
6 9 [0]
5 10 [0]
7 11 [0]
0 12 [0]
5 12 [0]
3 13 [0]
6 13 [0]
9 13 [0]
8 14 [0]
12 14 [0]
4 15 [0]
8 15 [0]
10 15 [0]
14 15 [0]
1 11 [0]
2 9 [0]
3 13 [0]
4 9 [0]
4 13 [0]
5 10 [0]
5 14 [0]
6 9 [0]
7 9 [0]
7 13 [0]
8 12 [0]
8 15 [0]
9 15 [0]
10 15 [0]
12 14 [0]
0 8 [1]
1 7 [1]
2 6 [1]
3 6 [1]
4 5 [1]
2 6 [1]
1 7 [1]
4 7 [1]
1 9 [1]
4 9 [1]
7 9 [1]
1 11 [1]
8 11 [1]
4 12 [1]
8 12 [1]
4 13 [1]
7 13 [1]
5 14 [1]
10 14 [1]
1 15 [1]
5 15 [1]
9 15 [1]
11 15 [1]
1 9 [1]
1 15 [1]
3 7 [1]
4 7 [1]
4 12 [1]
4 15 [1]
5 12 [1]
5 15 [1]
6 13 [1]
7 11 [1]
8 11 [1]
8 14 [1]
9 13 [1]
10 14 [1]
11 15 [1]
14 15 [1]
