1000
8
955
0
1
2
3
4
5
6
7
8
9
10
12
20
45
78
277
605
719
775
937
910
852
972
413
553
664
106
119
165
473
804
178
240
335
349
383
570
710
777
332
638
338
866
109
141
214
233
318
334
411
839
427
441
957
645
784
794
803
880
437
744
469
626
858
809
989
975
706
746
763
805
898
58
228
246
284
530
687
807
969
402
31
118
552
867
918
997
883
47
125
962
151
164
461
505
554
701
555
641
823
559
870
83
101
215
463
583
688
841
376
446
121
130
166
684
851
819
879
953
616
740
967
848
490
576
635
649
995
875
447
13
14
16
17
59
904
96
198
257
449
575
667
930
699
561
981
27
28
35
53
82
189
621
643
623
758
207
377
390
693
979
431
726
752
146
428
479
515
986
528
659
683
822
845
873
503
655
737
864
38
56
87
108
398
129
131
225
890
571
887
640
974
272
329
343
409
420
472
491
902
508
760
859
712
790
980
162
236
950
977
358
535
865
702
724
939
110
128
135
256
305
556
585
892
696
565
572
679
723
806
882
243
832
952
136
767
169
186
202
258
399
933
993
542
998
439
589
971
518
810
830
827
265
538
886
598
536
588
611
633
133
370
965
205
354
750
671
876
50
64
75
86
98
102
116
123
161
861
227
279
493
311
567
319
372
594
614
742
139
158
229
533
566
685
941
948
293
584
716
925
768
273
321
325
445
546
978
791
104
264
755
365
622
935
477
481
547
893
627
751
91
175
204
262
521
847
260
442
607
909
270
155
314
654
167
313
467
976
176
187
210
217
261
298
544
299
389
835
394
785
885
595
776
76
103
344
353
426
488
700
478
531
757
524
666
600
625
630
681
170
290
732
903
40
142
568
877
63
24
143
306
386
450
590
603
938
781
869
416
355
360
606
901
574
157
378
406
739
239
271
715
808
891
959
15
18
137
232
268
296
300
705
927
558
889
906
970
868
320
504
721
942
404
968
30
124
212
340
695
274
453
492
213
316
899
862
52
183
292
307
619
915
983
499
963
615
920
21
26
43
203
230
242
385
397
539
985
854
248
465
831
250
285
932
251
269
412
788
680
400
408
772
81
673
741
921
49
61
72
199
263
348
414
482
519
802
596
722
302
438
569
917
68
115
156
310
675
362
395
916
134
160
218
770
800
850
69
70
138
276
345
631
434
462
936
647
931
286
582
747
765
668
946
717
73
132
185
226
494
511
452
780
907
874
275
817
369
419
709
150
923
425
195
312
815
224
294
359
367
738
982
474
545
833
422
573
579
945
418
451
22
29
32
41
171
676
799
620
77
326
454
476
529
637
280
323
926
429
464
856
42
85
127
154
295
403
423
562
821
961
919
209
244
381
495
663
704
734
836
211
220
231
853
537
557
665
720
648
761
289
373
629
66
197
201
644
787
878
678
415
351
812
460
657
914
39
74
433
520
534
541
92
112
181
222
247
686
996
330
580
990
814
223
496
387
838
97
111
140
347
498
506
617
564
182
237
527
849
145
333
929
352
900
396
599
516
999
424
602
610
728
729
991
44
94
249
550
748
928
632
753
60
88
122
206
405
964
577
281
512
532
624
786
587
783
346
911
500
672
733
840
855
526
771
798
99
177
191
736
636
179
356
417
639
480
764
793
940
905
507
769
828
430
563
148
152
252
513
283
401
912
958
646
196
444
486
652
308
388
456
795
25
34
84
184
391
884
193
208
235
331
105
149
601
661
703
730
826
984
987
973
254
287
301
843
238
304
745
364
443
393
743
994
470
484
54
192
382
612
713
896
163
234
324
656
689
824
120
168
371
543
628
797
11
23
57
62
174
221
259
560
662
459
754
79
80
100
113
188
267
357
392
522
825
549
924
818
834
895
421
435
540
863
960
468
114
172
682
266
650
669
871
337
551
779
816
846
190
282
692
735
820
988
888
291
634
731
144
153
375
36
48
55
180
245
303
618
947
339
90
147
159
466
711
219
241
278
944
317
384
440
677
691
789
436
489
342
951
956
368
502
509
592
766
670
698
253
658
510
578
778
756
200
651
782
216
255
363
707
966
366
374
604
458
725
749
857
593
773
796
872
37
315
46
126
327
432
497
860
894
613
881
660
586
642
792
19
65
89
95
328
336
949
801
954
350
525
548
708
913
697
33
51
93
288
653
407
471
591
714
813
897
762
837
107
194
361
483
727
774
829
844
934
380
448
694
117
297
523
581
597
718
908
759
842
341
410
457
485
608
514
674
992
475
922
173
309
322
379
609
517
943
811
501
67
71
455
487
690
0 10 [3]
0 16 [5]
0 17 [5]
0 389 [3]
1 664 [0]
0 59 [5]
0 170 [3]
0 394 [3]
0 63 [3]
0 531 [3]
0 355 [3]
0 732 [3]
0 600 [3]
0 24 [3]
0 568 [3]
0 757 [3]
0 885 [3]
0 877 [3]
0 524 [3]
0 835 [3]
0 40 [3]
0 666 [3]
0 426 [3]
0 903 [3]
0 290 [3]
0 488 [3]
0 76 [3]
0 142 [3]
0 353 [3]
0 700 [3]
0 785 [3]
0 478 [3]
0 681 [3]
0 625 [3]
1 45 [7]
0 406 [3]
0 739 [3]
0 901 [3]
0 904 [5]
1 106 [0]
0 360 [3]
0 157 [3]
0 378 [3]
0 959 [3]
0 271 [3]
0 239 [3]
0 574 [3]
10 849 [6]
1 78 [7]
0 96 [5]
1 119 [0]
10 197 [6]
1 165 [0]
1 20 [7]
0 198 [5]
1 12 [7]
10 66 [6]
9 114 [4]
1 473 [0]
0 257 [5]
1 804 [0]
10 914 [6]
0 575 [5]
10 678 [6]
0 667 [5]
9 221 [4]
9 459 [4]
9 560 [4]
9 23 [4]
9 174 [4]
0 930 [5]
0 699 [5]
1 898 [5]
0 561 [5]
0 981 [5]
1 58 [5]
9 543 [4]
9 628 [4]
9 871 [4]
0 27 [5]
1 228 [5]
9 371 [4]
10 610 [6]
0 28 [5]
1 246 [5]
1 413 [7]
10 728 [6]
10 729 [6]
1 284 [5]
1 553 [7]
1 687 [5]
10 249 [6]
1 530 [5]
1 807 [5]
10 632 [6]
10 753 [6]
1 969 [5]
1 402 [5]
9 728 [5]
10 799 [5]
1 31 [5]
9 602 [5]
1 118 [5]
1 918 [5]
9 424 [5]
1 552 [5]
9 999 [5]
9 352 [5]
9 333 [5]
9 929 [5]
9 900 [5]
9 516 [5]
9 396 [5]
1 867 [5]
9 599 [5]
9 849 [5]
10 990 [5]
1 883 [5]
0 14 [7]
10 326 [5]
1 47 [5]
10 454 [5]
0 398 [5]
9 182 [5]
0 108 [5]
1 125 [5]
0 129 [5]
0 87 [5]
9 506 [5]
9 617 [5]
1 962 [5]
1 505 [5]
1 701 [5]
9 498 [5]
1 461 [5]
1 151 [5]
1 164 [5]
1 554 [5]
0 56 [5]
1 332 [7]
9 347 [5]
1 555 [5]
9 618 [6]
9 731 [1]
10 280 [5]
1 641 [5]
1 638 [7]
9 634 [1]
8 93 [4]
7 194 [4]
10 926 [5]
9 111 [5]
1 338 [7]
1 823 [5]
9 339 [6]
8 288 [4]
9 97 [5]
1 866 [7]
7 361 [4]
8 653 [4]
1 559 [5]
0 409 [5]
9 838 [5]
10 201 [5]
1 10 [7]
1 870 [5]
0 256 [5]
7 483 [4]
0 202 [5]
1 688 [5]
0 265 [5]
0 679 [5]
7 727 [4]
0 790 [5]
0 952 [5]
0 518 [5]
8 829 [4]
0 998 [5]
1 583 [5]
9 888 [1]
0 598 [5]
9 223 [5]
9 387 [5]
0 535 [5]
0 980 [5]
0 993 [5]
0 865 [5]
0 169 [5]
0 585 [5]
0 258 [5]
8 934 [4]
0 588 [5]
1 376 [5]
0 538 [5]
0 702 [5]
0 827 [5]
0 38 [5]
0 329 [5]
0 243 [5]
0 882 [5]
0 556 [5]
0 723 [5]
0 343 [5]
0 902 [5]
1 446 [5]
0 399 [5]
0 236 [5]
0 186 [5]
0 977 [5]
0 633 [5]
0 830 [5]
0 767 [5]
0 724 [5]
0 611 [5]
1 215 [5]
0 305 [5]
0 491 [5]
8 844 [4]
0 358 [5]
0 696 [5]
0 565 [5]
0 542 [5]
0 859 [5]
0 933 [5]
0 110 [5]
0 950 [5]
0 806 [5]
1 83 [5]
0 886 [5]
0 420 [5]
0 536 [5]
0 832 [5]
0 712 [5]
0 162 [5]
0 939 [5]
0 136 [5]
0 810 [5]
1 463 [5]
0 272 [5]
1 101 [5]
0 128 [5]
0 135 [5]
0 892 [5]
9 112 [5]
9 534 [5]
9 330 [5]
9 814 [5]
9 520 [5]
9 686 [5]
9 39 [5]
9 580 [5]
9 247 [5]
9 92 [5]
9 181 [5]
9 541 [5]
9 222 [5]
7 448 [4]
9 433 [5]
8 727 [4]
1 53 [5]
9 74 [5]
1 121 [5]
1 35 [5]
1 82 [5]
9 988 [1]
8 483 [4]
1 130 [5]
1 822 [5]
1 390 [5]
1 752 [5]
1 623 [5]
1 621 [5]
1 431 [5]
1 377 [5]
1 726 [5]
1 693 [5]
1 189 [5]
1 659 [5]
1 207 [5]
1 528 [5]
1 643 [5]
1 428 [5]
1 146 [5]
1 979 [5]
8 361 [4]
1 166 [5]
7 934 [4]
10 224 [5]
10 425 [5]
10 474 [5]
10 294 [5]
10 780 [5]
10 460 [5]
10 833 [5]
10 369 [5]
1 28 [5]
10 150 [5]
8 762 [4]
9 820 [1]
8 107 [4]
8 194 [4]
8 837 [4]
8 33 [4]
1 27 [5]
1 819 [5]
9 735 [1]
1 561 [5]
1 953 [5]
1 879 [5]
8 690 [1]
1 699 [5]
1 616 [5]
1 930 [5]
1 740 [5]
1 667 [5]
1 967 [5]
9 282 [1]
1 575 [5]
1 449 [5]
1 848 [5]
2 361 [0]
2 194 [0]
1 257 [5]
1 490 [5]
2 829 [0]
2 844 [0]
2 897 [0]
2 107 [0]
2 934 [0]
2 774 [0]
2 93 [0]
5 475 [5]
5 922 [5]
5 759 [5]
5 608 [5]
5 908 [5]
5 842 [5]
5 457 [5]
5 992 [5]
5 341 [5]
5 674 [5]
5 485 [5]
5 514 [5]
5 410 [5]
1 198 [5]
1 635 [5]
9 846 [1]
9 816 [1]
8 71 [1]
9 551 [1]
1 96 [5]
1 649 [5]
10 148 [6]
1 904 [5]
1 995 [5]
9 650 [1]
1 59 [5]
1 875 [5]
9 266 [1]
1 17 [5]
8 190 [4]
8 337 [4]
8 551 [4]
8 820 [4]
8 846 [4]
8 735 [4]
8 375 [4]
8 291 [4]
8 888 [4]
8 692 [4]
8 634 [4]
8 282 [4]
8 144 [4]
8 816 [4]
8 988 [4]
8 779 [4]
8 774 [1]
8 448 [1]
1 447 [5]
8 694 [1]
8 117 [1]
8 380 [1]
8 36 [4]
1 16 [5]
1 13 [5]
8 501 [1]
1 14 [5]
2 51 [0]
10 401 [6]
2 690 [0]
2 487 [0]
2 548 [0]
2 708 [0]
2 913 [0]
2 525 [0]
2 697 [0]
2 33 [0]
10 287 [6]
10 743 [6]
10 646 [6]
10 745 [6]
10 364 [6]
1 8 [1]
10 854 [5]
10 443 [6]
10 248 [5]
0 13 [7]
10 486 [6]
0 8 [1]
10 250 [5]
10 831 [5]
10 426 [5]
10 788 [5]
10 203 [5]
10 504 [5]
10 797 [1]
10 400 [5]
10 628 [1]
10 81 [5]
10 344 [5]
10 213 [5]
9 540 [1]
10 543 [1]
10 404 [5]
10 741 [5]
10 360 [5]
10 371 [1]
10 306 [5]
10 26 [5]
10 52 [5]
10 877 [5]
10 903 [5]
10 891 [5]
10 938 [5]
10 915 [5]
10 959 [5]
10 869 [5]
10 416 [5]
10 590 [5]
10 292 [5]
8 51 [1]
10 168 [1]
10 120 [1]
9 421 [1]
4 79 [1]
4 80 [1]
7 690 [6]
4 100 [1]
9 393 [6]
9 443 [6]
3 67 [5]
8 697 [1]
9 824 [6]
9 994 [6]
4 113 [1]
9 689 [6]
9 484 [6]
9 54 [6]
9 324 [6]
9 656 [6]
9 470 [6]
9 743 [6]
3 943 [5]
3 322 [5]
3 517 [5]
3 609 [5]
3 309 [5]
3 379 [5]
3 811 [5]
3 173 [5]
3 922 [5]
10 234 [1]
8 350 [1]
8 336 [1]
4 188 [1]
8 801 [1]
8 949 [1]
0 133 [0]
8 328 [1]
10 163 [1]
0 370 [0]
8 954 [1]
10 896 [1]
4 267 [1]
0 965 [0]
8 95 [1]
0 205 [0]
4 357 [1]
4 392 [1]
0 354 [0]
4 522 [1]
0 750 [0]
4 825 [1]
8 341 [3]
9 690 [3]
8 89 [1]
0 671 [0]
4 549 [1]
9 727 [3]
8 410 [3]
9 455 [3]
9 487 [3]
9 194 [3]
9 107 [3]
9 483 [3]
8 922 [3]
10 192 [1]
8 608 [3]
8 475 [3]
8 457 [3]
9 361 [3]
8 992 [3]
4 924 [1]
8 65 [1]
8 485 [3]
8 674 [3]
9 829 [3]
8 514 [3]
7 475 [3]
9 774 [3]
7 922 [3]
10 54 [1]
9 267 [1]
0 876 [0]
7 309 [3]
9 844 [3]
4 818 [1]
9 71 [3]
9 380 [3]
4 834 [1]
10 484 [1]
0 50 [0]
9 448 [3]
8 19 [1]
9 188 [1]
4 895 [1]
9 322 [3]
9 943 [3]
9 67 [3]
9 501 [3]
9 694 [3]
9 379 [3]
0 279 [0]
10 994 [1]
0 64 [0]
10 470 [1]
9 117 [3]
7 609 [3]
9 517 [3]
10 393 [1]
0 493 [0]
4 421 [1]
9 309 [3]
9 297 [3]
7 517 [3]
9 609 [3]
0 311 [0]
0 86 [0]
9 113 [1]
0 75 [0]
9 173 [3]
9 523 [3]
0 98 [0]
4 435 [1]
8 642 [1]
0 567 [0]
9 581 [3]
0 319 [0]
10 304 [1]
0 102 [0]
7 67 [3]
4 540 [1]
9 574 [2]
8 586 [1]
9 100 [1]
9 597 [3]
9 718 [3]
0 372 [0]
4 863 [1]
0 161 [0]
8 660 [1]
0 123 [0]
0 227 [0]
0 861 [0]
9 908 [3]
4 960 [1]
8 613 [1]
0 614 [0]
9 80 [1]
0 594 [0]
10 238 [1]
4 468 [1]
0 742 [0]
9 759 [3]
9 51 [3]
0 139 [0]
0 158 [0]
10 843 [1]
9 842 [3]
2 754 [5]
9 754 [1]
9 79 [1]
10 301 [1]
0 229 [0]
2 459 [5]
9 662 [1]
8 860 [1]
9 328 [3]
9 341 [3]
2 662 [5]
9 773 [3]
9 593 [3]
9 651 [3]
9 525 [3]
2 560 [5]
9 259 [1]
9 756 [3]
9 792 [3]
9 89 [3]
9 913 [3]
9 801 [3]
9 350 [3]
9 46 [3]
9 65 [3]
9 200 [3]
9 708 [3]
9 33 [3]
9 37 [3]
9 954 [3]
9 697 [3]
9 95 [3]
9 548 [3]
9 216 [3]
9 19 [3]
9 796 [3]
2 259 [5]
8 497 [1]
10 254 [1]
0 941 [0]
9 778 [3]
0 948 [0]
2 221 [5]
4 455 [7]
9 578 [3]
10 565 [0]
8 432 [1]
10 973 [1]
0 293 [0]
2 174 [5]
9 510 [3]
2 62 [5]
10 987 [1]
0 584 [0]
8 327 [1]
9 62 [1]
2 57 [5]
9 253 [3]
2 23 [5]
5 36 [1]
9 57 [1]
0 768 [0]
5 48 [1]
8 126 [1]
10 826 [1]
10 806 [0]
2 11 [5]
0 273 [0]
5 55 [1]
5 835 [3]
10 243 [0]
10 832 [0]
5 750 [3]
2 797 [5]
5 925 [3]
5 584 [3]
5 180 [1]
10 136 [0]
10 730 [1]
5 299 [3]
5 319 [3]
5 167 [3]
5 260 [3]
5 210 [3]
5 467 [3]
5 279 [3]
5 445 [3]
5 313 [3]
5 155 [3]
5 627 [3]
5 654 [3]
5 614 [3]
5 75 [3]
5 176 [3]
5 533 [3]
5 123 [3]
5 104 [3]
5 175 [3]
5 298 [3]
5 566 [3]
5 161 [3]
5 477 [3]
5 204 [3]
5 861 [3]
5 742 [3]
5 442 [3]
5 935 [3]
5 791 [3]
5 311 [3]
5 481 [3]
5 102 [3]
5 493 [3]
5 273 [3]
5 293 [3]
5 768 [3]
5 50 [3]
5 716 [3]
5 325 [3]
5 116 [3]
5 622 [3]
5 261 [3]
5 227 [3]
5 139 [3]
5 205 [3]
5 217 [3]
5 64 [3]
5 98 [3]
5 978 [3]
5 607 [3]
5 187 [3]
5 91 [3]
5 370 [3]
5 321 [3]
5 264 [3]
5 372 [3]
5 909 [3]
5 158 [3]
5 262 [3]
5 86 [3]
5 755 [3]
5 229 [3]
5 594 [3]
5 671 [3]
5 948 [3]
5 965 [3]
5 354 [3]
5 133 [3]
5 546 [3]
5 365 [3]
5 685 [3]
5 547 [3]
8 46 [1]
0 321 [0]
2 628 [5]
3 455 [7]
9 11 [1]
0 325 [0]
10 703 [1]
2 543 [5]
0 445 [0]
0 546 [0]
10 661 [1]
8 315 [1]
0 791 [0]
2 371 [5]
2 811 [5]
2 168 [5]
9 24 [2]
10 601 [1]
4 190 [1]
5 339 [1]
6 345 [5]
2 120 [5]
8 37 [1]
6 73 [5]
6 49 [5]
6 132 [5]
6 70 [5]
6 199 [5]
6 946 [5]
6 185 [5]
6 348 [5]
6 276 [5]
6 138 [5]
10 149 [1]
6 917 [5]
6 569 [5]
6 434 [5]
6 263 [5]
6 438 [5]
6 286 [5]
6 61 [5]
6 722 [5]
9 568 [2]
6 850 [5]
6 414 [5]
4 282 [1]
6 72 [5]
9 877 [2]
6 302 [5]
6 596 [5]
6 668 [5]
6 647 [5]
6 802 [5]
6 69 [5]
6 936 [5]
6 482 [5]
6 717 [5]
6 631 [5]
6 931 [5]
10 84 [1]
6 462 [5]
8 872 [1]
0 9 [3]
4 692 [1]
2 824 [5]
9 142 [2]
10 105 [1]
9 40 [2]
1 9 [3]
9 435 [3]
10 193 [1]
4 735 [1]
2 689 [5]
10 208 [1]
10 34 [1]
9 960 [3]
10 235 [1]
4 820 [1]
9 234 [1]
8 773 [1]
2 656 [5]
9 163 [1]
9 468 [3]
7 193 [3]
7 208 [3]
2 324 [5]
4 988 [1]
8 593 [1]
10 25 [1]
10 795 [1]
0 477 [0]
0 547 [0]
0 481 [0]
10 456 [1]
4 888 [1]
4 291 [1]
10 388 [1]
0 893 [0]
9 337 [3]
7 331 [1]
4 634 [1]
10 652 [1]
9 745 [1]
8 749 [1]
2 208 [5]
2 163 [5]
10 308 [1]
9 364 [1]
9 304 [1]
0 627 [0]
3 471 [7]
8 725 [1]
10 444 [1]
3 708 [7]
3 407 [7]
2 896 [5]
7 105 [1]
2 331 [5]
0 751 [0]
2 105 [5]
3 653 [7]
9 238 [1]
3 913 [7]
10 196 [1]
4 731 [1]
4 697 [7]
9 190 [3]
3 33 [7]
8 458 [1]
2 713 [5]
2 149 [5]
3 51 [7]
4 913 [7]
3 93 [7]
0 204 [0]
3 288 [7]
7 149 [1]
4 144 [1]
0 91 [0]
2 703 [5]
2 661 [5]
4 949 [7]
4 525 [7]
0 262 [0]
2 601 [5]
2 730 [5]
4 328 [7]
4 350 [7]
4 801 [7]
4 548 [7]
4 336 [7]
4 954 [7]
10 958 [1]
4 708 [7]
9 692 [3]
4 153 [1]
8 604 [1]
0 175 [0]
10 912 [1]
4 470 [5]
2 612 [5]
7 601 [1]
0 847 [0]
0 521 [0]
2 826 [5]
4 994 [5]
4 430 [5]
4 375 [1]
2 984 [5]
2 382 [5]
4 743 [5]
0 260 [0]
8 374 [1]
4 563 [5]
2 987 [5]
10 283 [1]
7 661 [1]
4 393 [5]
4 148 [5]
4 36 [1]
2 9 [3]
10 513 [1]
2 973 [5]
2 287 [5]
2 843 [5]
4 443 [5]
7 703 [1]
10 252 [1]
0 442 [0]
2 301 [5]
8 366 [1]
2 254 [5]
4 152 [5]
9 391 [1]
2 192 [5]
2 238 [5]
4 252 [5]
4 364 [5]
10 152 [1]
7 730 [1]
4 48 [1]
4 745 [5]
8 966 [1]
4 304 [5]
2 54 [5]
2 470 [5]
2 484 [5]
4 238 [5]
7 826 [1]
9 291 [3]
9 90 [3]
4 55 [1]
10 169 [7]
7 984 [1]
0 270 [0]
7 987 [1]
9 947 [3]
4 254 [5]
9 331 [1]
9 235 [1]
0 155 [0]
4 973 [5]
7 973 [1]
8 363 [1]
4 180 [1]
0 314 [0]
4 196 [5]
9 303 [3]
5 173 [4]
6 990 [5]
4 444 [5]
0 654 [0]
4 987 [5]
9 245 [3]
4 486 [5]
6 814 [5]
4 245 [1]
0 167 [0]
7 254 [1]
4 984 [5]
9 180 [3]
0 976 [0]
8 255 [1]
4 303 [1]
7 287 [1]
4 826 [5]
0 313 [0]
4 652 [5]
0 467 [0]
2 963 [0]
2 615 [0]
2 920 [0]
9 55 [3]
9 144 [3]
4 308 [5]
4 8 [1]
6 387 [5]
2 499 [0]
9 48 [3]
7 301 [1]
0 176 [0]
6 838 [5]
2 983 [0]
2 915 [0]
9 36 [3]
9 153 [3]
7 843 [1]
6 97 [5]
8 216 [1]
5 430 [5]
6 140 [5]
2 619 [0]
9 375 [3]
0 187 [0]
4 601 [5]
6 111 [5]
0 210 [0]
6 347 [5]
4 149 [5]
2 455 [7]
2 307 [0]
4 105 [5]
4 795 [5]
6 498 [5]
8 782 [1]
2 292 [0]
10 242 [3]
4 34 [5]
4 235 [5]
4 25 [5]
4 339 [1]
4 331 [5]
0 217 [0]
2 183 [0]
2 52 [0]
10 397 [3]
10 465 [3]
6 617 [5]
4 391 [5]
5 84 [5]
4 184 [5]
6 795 [5]
4 208 [5]
4 193 [5]
4 84 [5]
4 884 [5]
2 862 [0]
4 90 [1]
0 261 [0]
8 651 [1]
6 527 [5]
6 237 [5]
6 182 [5]
5 25 [5]
6 388 [5]
5 456 [5]
5 388 [5]
6 849 [5]
6 308 [5]
4 147 [1]
0 298 [0]
5 795 [5]
10 171 [3]
6 652 [5]
10 77 [3]
4 159 [1]
8 200 [1]
6 486 [5]
0 544 [0]
10 285 [3]
6 444 [5]
2 695 [0]
10 932 [3]
0 299 [0]
10 588 [7]
2 837 [7]
6 401 [5]
6 958 [5]
4 466 [1]
5 727 [2]
2 340 [0]
6 646 [5]
6 912 [5]
6 513 [5]
2 288 [7]
5 774 [2]
6 196 [5]
6 283 [5]
5 718 [4]
2 653 [7]
8 756 [1]
5 483 [2]
2 212 [0]
6 252 [5]
10 412 [3]
2 762 [7]
2 407 [7]
4 711 [1]
8 778 [1]
2 714 [7]
10 633 [7]
5 597 [4]
7 470 [1]
5 361 [2]
6 152 [5]
2 124 [0]
2 30 [0]
5 194 [2]
6 148 [5]
2 471 [7]
2 591 [7]
4 219 [1]
6 424 [5]
5 934 [4]
7 484 [1]
6 563 [5]
8 578 [1]
5 380 [4]
5 107 [2]
5 581 [4]
5 297 [4]
5 837 [2]
5 448 [4]
5 694 [4]
5 523 [4]
0 344 [0]
6 602 [5]
6 610 [5]
6 122 [5]
2 404 [0]
10 408 [3]
6 206 [5]
5 117 [4]
6 430 [5]
6 793 [5]
6 624 [5]
6 639 [5]
6 964 [5]
6 748 [5]
6 532 [5]
6 480 [5]
6 783 [5]
6 249 [5]
6 94 [5]
6 512 [5]
6 728 [5]
6 88 [5]
6 577 [5]
6 417 [5]
10 354 [7]
6 405 [5]
10 750 [7]
6 191 [5]
6 550 [5]
6 940 [5]
6 526 [5]
5 762 [2]
8 510 [1]
6 587 [5]
6 179 [5]
6 905 [5]
6 764 [5]
6 798 [5]
6 786 [5]
6 729 [5]
6 44 [5]
6 346 [5]
6 828 [5]
6 177 [5]
6 928 [5]
6 99 [5]
6 991 [5]
6 771 [5]
6 753 [5]
6 281 [5]
6 60 [5]
6 636 [5]
7 54 [1]
4 241 [1]
6 356 [5]
10 205 [7]
6 911 [5]
4 278 [1]
10 671 [7]
5 897 [2]
10 673 [3]
7 192 [1]
10 876 [7]
8 658 [1]
4 944 [1]
5 813 [2]
5 714 [2]
10 50 [7]
7 382 [1]
8 253 [1]
10 921 [3]
7 612 [1]
5 51 [2]
0 103 [0]
5 407 [2]
5 93 [2]
5 471 [2]
5 591 [2]
5 653 [2]
5 288 [2]
10 550 [1]
5 10 [3]
2 914 [7]
8 698 [1]
2 657 [7]
10 94 [1]
5 563 [3]
10 44 [1]
2 460 [7]
8 670 [1]
10 103 [6]
7 163 [1]
7 471 [1]
2 812 [7]
10 991 [1]
7 591 [1]
7 714 [1]
8 766 [1]
7 407 [1]
7 653 [1]
2 351 [7]
7 288 [1]
8 592 [1]
7 813 [1]
7 234 [1]
7 324 [1]
7 762 [1]
8 509 [1]
10 700 [6]
4 484 [3]
7 837 [1]
7 656 [1]
7 93 [1]
10 424 [1]
7 689 [1]
4 436 [1]
7 107 [1]
8 502 [1]
2 18 [0]
4 489 [1]
7 824 [1]
8 368 [1]
2 15 [0]
4 342 [1]
3 9 [3]
8 956 [1]
5 13 [7]
2 959 [0]
5 875 [7]
5 995 [7]
7 120 [1]
4 951 [1]
8 951 [1]
2 891 [0]
8 342 [1]
9 145 [1]
10 900 [1]
4 956 [1]
10 625 [6]
5 649 [7]
2 808 [0]
4 163 [3]
5 11 [3]
10 352 [1]
7 297 [1]
7 168 [1]
7 581 [1]
7 117 [1]
7 523 [1]
9 564 [1]
4 368 [1]
5 635 [7]
2 715 [0]
5 797 [3]
4 234 [3]
8 440 [1]
5 576 [7]
7 95 [1]
7 328 [1]
7 371 [1]
7 341 [1]
2 271 [0]
5 628 [3]
4 324 [3]
4 502 [1]
2 629 [7]
7 336 [1]
9 496 [1]
5 490 [7]
7 410 [1]
7 543 [1]
2 239 [0]
4 689 [3]
5 543 [3]
8 436 [1]
9 140 [1]
7 628 [1]
7 457 [1]
8 677 [1]
2 373 [7]
2 739 [0]
10 70 [3]
4 120 [3]
10 787 [3]
5 34 [3]
5 371 [3]
10 644 [3]
8 691 [1]
7 65 [1]
4 509 [1]
7 485 [1]
7 89 [1]
10 686 [1]
8 789 [1]
3 510 [1]
7 51 [1]
8 384 [1]
7 797 [1]
7 949 [1]
2 406 [0]
2 378 [0]
4 168 [3]
5 168 [3]
10 631 [3]
2 289 [7]
7 608 [1]
10 527 [1]
10 247 [1]
7 801 [1]
7 514 [1]
2 157 [0]
5 184 [3]
4 371 [3]
5 120 [3]
10 222 [1]
10 237 [1]
3 578 [1]
7 11 [1]
7 19 [1]
2 761 [7]
4 592 [1]
7 792 [1]
2 648 [7]
7 586 [1]
10 182 [1]
10 996 [1]
7 23 [1]
4 766 [1]
7 642 [1]
7 708 [1]
7 548 [1]
2 756 [1]
2 574 [0]
4 62 [3]
10 434 [3]
5 656 [3]
10 812 [3]
4 543 [3]
4 57 [3]
5 324 [3]
4 628 [3]
3 11 [3]
10 462 [3]
2 501 [2]
8 317 [1]
7 674 [1]
2 720 [7]
7 525 [1]
7 894 [1]
5 38 [0]
10 647 [3]
5 234 [3]
4 23 [3]
3 23 [3]
4 797 [3]
7 57 [1]
8 138 [1]
7 954 [1]
10 181 [1]
4 670 [1]
2 665 [7]
7 860 [1]
2 606 [0]
5 896 [3]
4 11 [3]
5 54 [3]
10 931 [3]
5 163 [3]
5 192 [3]
5 612 [3]
3 57 [3]
5 382 [3]
5 713 [3]
7 992 [1]
1 261 [0]
7 913 [1]
1 544 [0]
7 497 [1]
7 350 [1]
1 299 [0]
1 298 [0]
7 327 [1]
10 739 [7]
1 217 [0]
1 187 [0]
1 176 [0]
2 557 [7]
3 756 [1]
7 432 [1]
1 389 [0]
2 360 [0]
3 560 [3]
5 254 [3]
5 826 [3]
5 149 [3]
3 221 [3]
5 331 [3]
5 745 [3]
5 443 [3]
3 174 [3]
10 286 [3]
3 662 [3]
5 984 [3]
3 79 [3]
5 238 [3]
5 235 [3]
5 470 [3]
5 304 [3]
3 459 [3]
5 301 [3]
5 105 [3]
5 364 [3]
3 754 [3]
5 208 [3]
3 259 [3]
5 661 [3]
5 973 [3]
5 843 [3]
5 601 [3]
5 987 [3]
3 62 [3]
5 743 [3]
5 484 [3]
5 287 [3]
5 393 [3]
10 814 [1]
2 200 [1]
7 221 [1]
10 498 [1]
2 537 [7]
8 286 [1]
7 126 [1]
7 62 [1]
4 698 [1]
1 835 [0]
2 355 [0]
10 747 [3]
10 946 [3]
10 668 [3]
10 765 [3]
1 654 [0]
1 120 [5]
1 656 [5]
1 824 [5]
1 689 [5]
1 168 [5]
1 234 [5]
7 46 [1]
4 9 [3]
1 324 [5]
5 503 [0]
7 174 [1]
3 200 [1]
1 394 [0]
2 416 [0]
10 39 [3]
10 73 [3]
1 260 [0]
1 442 [0]
10 450 [7]
7 315 [1]
8 582 [1]
7 697 [1]
3 651 [1]
7 33 [1]
1 314 [0]
1 797 [5]
1 371 [5]
1 896 [5]
1 163 [5]
1 382 [5]
1 785 [0]
10 112 [1]
8 615 [7]
2 231 [7]
7 259 [1]
4 253 [1]
1 713 [5]
7 560 [1]
1 192 [5]
1 607 [0]
1 54 [5]
1 612 [5]
2 869 [0]
3 674 [2]
1 170 [0]
7 796 [1]
1 155 [0]
3 485 [2]
2 220 [7]
8 241 [1]
8 292 [7]
3 475 [2]
7 37 [1]
3 608 [2]
3 782 [1]
3 514 [2]
3 341 [2]
8 747 [1]
7 872 [1]
3 992 [2]
8 963 [7]
7 662 [1]
1 909 [0]
7 173 [1]
2 651 [1]
2 781 [0]
10 132 [3]
8 619 [7]
10 496 [1]
8 499 [7]
4 658 [1]
7 773 [1]
1 732 [0]
7 593 [1]
8 983 [7]
2 211 [7]
8 307 [7]
5 446 [7]
7 487 [1]
5 811 [1]
1 290 [0]
1 595 [0]
8 70 [1]
1 76 [0]
1 776 [0]
1 270 [0]
8 915 [7]
7 857 [1]
10 24 [6]
8 765 [1]
10 320 [3]
10 226 [3]
10 185 [3]
10 511 [3]
7 725 [1]
2 380 [2]
4 782 [1]
7 455 [1]
7 458 [1]
1 903 [0]
1 104 [0]
7 71 [1]
7 366 [1]
5 376 [7]
10 97 [1]
2 836 [7]
8 668 [1]
4 216 [1]
1 978 [0]
7 749 [1]
4 109 [7]
5 683 [0]
7 374 [1]
8 219 [1]
10 353 [7]
8 183 [7]
7 966 [1]
7 322 [1]
10 452 [3]
7 604 [1]
7 707 [1]
4 778 [1]
5 841 [7]
1 751 [0]
1 546 [0]
1 40 [0]
8 340 [7]
2 694 [2]
4 255 [1]
2 475 [2]
4 651 [1]
10 142 [7]
8 492 [7]
4 578 [1]
7 172 [1]
2 782 [1]
7 79 [1]
1 893 [0]
10 488 [7]
5 501 [1]
1 264 [0]
1 91 [0]
5 583 [7]
2 297 [2]
2 450 [0]
3 591 [2]
10 143 [7]
10 92 [1]
2 117 [2]
8 946 [1]
1 627 [0]
8 862 [7]
5 463 [7]
7 379 [1]
5 659 [0]
8 52 [7]
10 531 [7]
8 899 [7]
8 453 [7]
8 316 [7]
5 688 [7]
8 695 [7]
8 213 [7]
2 734 [7]
8 212 [7]
8 30 [7]
8 124 [7]
4 866 [7]
8 274 [7]
4 664 [7]
4 165 [7]
4 338 [7]
4 707 [1]
8 711 [1]
5 528 [0]
2 386 [0]
1 755 [0]
6 13 [5]
2 704 [7]
8 68 [1]
3 714 [2]
7 80 [1]
4 200 [1]
4 473 [7]
4 363 [1]
4 119 [7]
2 436 [3]
5 215 [7]
4 756 [1]
8 968 [7]
3 698 [3]
4 106 [7]
7 501 [1]
10 817 [3]
5 986 [0]
4 178 [7]
10 386 [6]
1 325 [0]
7 943 [1]
1 481 [0]
8 942 [7]
6 447 [5]
4 553 [7]
7 811 [1]
4 638 [7]
8 115 [1]
7 363 [1]
1 365 [0]
5 101 [7]
3 813 [2]
8 717 [1]
2 489 [3]
7 100 [1]
4 349 [7]
10 419 [3]
8 721 [7]
3 766 [3]
10 603 [6]
5 83 [7]
2 342 [3]
8 203 [1]
4 605 [7]
4 277 [7]
1 321 [0]
2 143 [0]
4 78 [7]
3 897 [2]
4 45 [7]
4 413 [7]
7 255 [1]
7 266 [1]
6 620 [6]
6 41 [6]
4 719 [7]
2 216 [1]
4 570 [7]
4 852 [7]
4 383 [7]
8 466 [1]
6 875 [5]
4 335 [7]
7 113 [1]
4 910 [7]
1 622 [0]
1 477 [0]
8 73 [1]
1 273 [0]
4 240 [7]
4 775 [7]
4 972 [7]
4 332 [7]
4 937 [7]
1 935 [0]
3 592 [3]
2 951 [3]
7 216 [1]
5 479 [0]
8 310 [1]
6 955 [6]
2 381 [7]
6 995 [5]
8 132 [1]
3 762 [2]
7 188 [1]
2 24 [0]
1 63 [0]
3 375 [3]
3 509 [3]
2 956 [3]
3 36 [3]
8 675 [1]
3 297 [2]
3 410 [4]
6 649 [5]
5 428 [0]
3 837 [2]
6 29 [6]
6 32 [6]
7 549 [1]
8 159 [1]
9 15 [7]
1 940 [4]
7 522 [1]
2 244 [7]
7 818 [1]
2 877 [0]
2 142 [0]
2 63 [0]
1 24 [0]
2 568 [0]
2 40 [0]
1 306 [0]
1 143 [0]
10 195 [3]
3 48 [3]
3 502 [3]
2 368 [3]
2 919 [7]
9 959 [7]
2 209 [7]
8 362 [1]
7 435 [1]
2 255 [1]
6 576 [5]
3 107 [2]
1 905 [4]
7 384 [1]
10 312 [3]
5 67 [3]
3 117 [2]
1 86 [0]
5 752 [0]
3 194 [2]
8 147 [1]
5 726 [0]
3 842 [4]
8 395 [1]
6 487 [6]
6 490 [5]
2 961 [7]
2 903 [0]
1 386 [0]
10 330 [3]
3 55 [3]
3 368 [3]
2 502 [3]
7 317 [1]
3 759 [4]
10 901 [6]
7 677 [1]
8 906 [7]
1 590 [0]
7 669 [1]
7 944 [1]
2 821 [7]
6 501 [6]
5 431 [0]
8 26 [1]
1 450 [0]
1 603 [0]
8 916 [1]
10 580 [3]
2 509 [3]
3 956 [3]
10 815 [3]
3 180 [3]
5 71 [3]
6 848 [5]
1 507 [4]
6 67 [6]
8 43 [1]
6 71 [6]
5 636 [4]
4 20 [7]
6 455 [6]
3 361 [2]
3 908 [4]
1 75 [0]
1 781 [0]
2 290 [0]
2 363 [1]
1 750 [0]
9 143 [7]
1 354 [0]
1 671 [0]
9 386 [7]
1 50 [0]
3 483 [2]
8 90 [1]
1 64 [0]
3 523 [4]
2 592 [3]
3 951 [3]
3 245 [3]
6 967 [5]
1 876 [0]
9 306 [7]
3 694 [2]
8 889 [7]
5 979 [0]
7 278 [1]
8 134 [1]
2 562 [7]
7 303 [1]
7 618 [1]
7 947 [1]
1 869 [0]
2 170 [0]
3 581 [4]
9 355 [7]
7 466 [1]
9 901 [7]
2 423 [7]
3 718 [4]
3 448 [2]
9 416 [7]
7 90 [1]
8 160 [1]
6 740 [5]
7 711 [1]
7 871 [1]
7 241 [1]
3 303 [3]
3 618 [3]
2 670 [3]
3 342 [3]
2 766 [3]
7 200 [1]
7 147 [1]
7 245 [1]
8 248 [1]
4 12 [7]
9 606 [7]
1 769 [4]
3 597 [4]
8 558 [7]
7 219 [1]
7 159 [1]
8 218 [1]
5 390 [0]
3 774 [2]
2 403 [7]
7 337 [1]
1 416 [0]
10 351 [1]
3 844 [2]
5 284 [7]
2 707 [1]
6 616 [5]
7 339 [1]
3 934 [2]
9 239 [7]
3 829 [2]
3 489 [3]
2 698 [3]
3 947 [3]
7 180 [1]
7 691 [1]
3 339 [3]
10 359 [3]
10 223 [3]
3 380 [2]
1 355 [0]
2 658 [3]
3 159 [3]
3 436 [3]
3 711 [3]
5 883 [7]
8 920 [1]
1 828 [4]
8 465 [1]
8 770 [1]
5 377 [0]
8 339 [1]
5 246 [7]
7 55 [1]
2 295 [7]
10 387 [3]
3 944 [3]
10 367 [3]
2 253 [3]
3 90 [3]
3 677 [3]
10 506 [3]
3 241 [3]
10 899 [3]
3 789 [3]
3 317 [3]
3 440 [3]
3 147 [3]
3 384 [3]
3 691 [3]
3 466 [3]
3 219 [3]
3 278 [3]
7 502 [1]
2 44 [4]
7 489 [1]
5 228 [7]
5 997 [7]
9 553 [1]
7 253 [1]
7 592 [1]
1 563 [4]
2 966 [1]
7 789 [1]
1 430 [4]
7 509 [1]
7 551 [1]
6 879 [5]
1 360 [0]
8 947 [1]
10 862 [3]
10 347 [3]
10 617 [3]
2 510 [3]
8 296 [7]
7 670 [1]
8 21 [1]
8 800 [1]
2 154 [7]
7 510 [1]
7 698 [1]
7 658 [1]
7 48 [1]
8 788 [1]
8 618 [1]
8 680 [1]
1 263 [0]
1 901 [0]
8 269 [1]
8 285 [1]
7 436 [1]
9 664 [1]
5 58 [7]
1 148 [4]
8 921 [1]
8 850 [1]
6 851 [5]
8 932 [1]
8 400 [1]
8 408 [1]
8 741 [1]
8 69 [1]
8 268 [7]
1 606 [0]
1 348 [0]
5 31 [7]
10 140 [3]
10 564 [3]
8 673 [1]
8 412 [1]
5 758 [0]
5 867 [7]
10 111 [3]
8 772 [1]
2 127 [7]
5 118 [7]
2 578 [3]
8 81 [1]
8 49 [1]
5 177 [4]
7 779 [1]
8 250 [1]
6 819 [5]
6 684 [5]
8 251 [1]
7 36 [1]
1 67 [5]
2 85 [7]
8 127 [1]
2 94 [4]
1 414 [0]
1 574 [0]
1 482 [0]
2 885 [0]
2 595 [0]
8 275 [1]
5 552 [7]
2 778 [3]
9 208 [3]
10 545 [3]
10 145 [3]
9 141 [1]
1 690 [5]
7 375 [1]
6 166 [5]
1 152 [4]
5 623 [0]
2 366 [1]
8 232 [7]
1 7 [1]
7 153 [1]
8 715 [7]
5 99 [4]
8 271 [7]
6 130 [5]
5 643 [0]
2 785 [0]
7 144 [1]
8 808 [7]
1 252 [4]
1 157 [0]
1 199 [0]
7 816 [1]
10 619 [3]
9 417 [3]
9 610 [3]
9 356 [3]
9 884 [3]
10 333 [3]
10 422 [3]
9 193 [3]
0 7 [1]
7 291 [1]
8 817 [1]
8 891 [7]
8 239 [7]
2 42 [7]
8 137 [7]
2 394 [0]
8 18 [7]
8 815 [1]
8 369 [1]
8 419 [1]
8 224 [1]
8 709 [1]
7 988 [1]
7 731 [1]
7 692 [1]
8 312 [1]
1 378 [0]
1 72 [0]
8 923 [1]
8 959 [7]
7 735 [1]
9 84 [3]
10 748 [3]
10 573 [3]
9 184 [3]
7 888 [1]
5 798 [4]
2 374 [1]
6 121 [5]
1 513 [4]
8 195 [1]
8 425 [1]
2 249 [4]
5 621 [0]
8 150 [1]
7 820 [1]
2 835 [0]
9 480 [3]
4 746 [7]
9 795 [3]
7 282 [1]
7 190 [1]
5 189 [0]
8 245 [1]
7 846 [1]
8 15 [7]
1 283 [4]
1 61 [0]
1 406 [0]
9 196 [3]
9 148 [3]
9 388 [3]
9 34 [3]
10 579 [3]
10 928 [3]
9 152 [3]
9 513 [3]
9 283 [3]
9 456 [3]
9 401 [3]
9 912 [3]
9 308 [3]
9 122 [3]
9 25 [3]
9 958 [3]
9 252 [3]
9 646 [3]
9 405 [3]
9 764 [3]
9 346 [3]
9 281 [3]
9 191 [3]
9 840 [3]
9 771 [3]
9 526 [3]
9 798 [3]
9 563 [3]
9 828 [3]
9 636 [3]
9 109 [1]
2 389 [0]
5 771 [4]
5 82 [0]
2 604 [1]
2 550 [4]
1 673 [0]
1 741 [0]
1 739 [0]
1 49 [0]
1 921 [0]
9 786 [3]
9 430 [3]
9 500 [3]
9 587 [3]
9 99 [3]
9 769 [3]
9 940 [3]
9 964 [3]
9 507 [3]
9 532 [3]
9 855 [3]
9 577 [3]
9 88 [3]
9 60 [3]
9 911 [3]
9 736 [3]
9 206 [3]
9 672 [3]
9 624 [3]
9 179 [3]
9 793 [3]
9 512 [3]
9 733 [3]
9 783 [3]
9 177 [3]
10 396 [3]
10 602 [3]
5 53 [0]
0 308 [4]
5 526 [4]
10 373 [1]
4 763 [7]
10 599 [3]
1 239 [0]
5 35 [0]
1 271 [0]
1 772 [0]
8 180 [1]
2 458 [1]
8 220 [1]
10 289 [1]
2 748 [4]
2 299 [0]
4 805 [7]
10 451 [3]
1 408 [0]
0 388 [4]
1 715 [0]
1 646 [4]
8 231 [1]
5 28 [0]
1 400 [0]
5 27 [0]
2 725 [1]
1 808 [0]
4 58 [7]
2 928 [4]
1 196 [4]
2 544 [0]
1 680 [0]
1 486 [4]
1 652 [4]
0 456 [4]
1 891 [0]
10 41 [1]
5 981 [0]
10 345 [1]
1 444 [4]
4 228 [7]
8 55 [1]
9 284 [1]
1 795 [4]
5 561 [0]
8 761 [1]
4 246 [7]
8 720 [1]
9 530 [1]
2 749 [1]
1 788 [0]
1 959 [0]
8 665 [1]
1 456 [4]
2 632 [4]
6 83 [5]
1 388 [4]
8 648 [1]
8 557 [1]
2 298 [0]
1 25 [4]
10 490 [0]
8 289 [1]
10 848 [0]
1 15 [0]
2 857 [1]
6 870 [5]
1 412 [0]
5 699 [0]
0 795 [4]
10 529 [1]
1 232 [0]
1 868 [0]
8 644 [1]
8 629 [1]
1 927 [0]
1 889 [0]
8 787 [1]
4 828 [4]
1 268 [0]
1 18 [0]
1 721 [0]
1 970 [0]
5 672 [4]
1 906 [0]
8 197 [1]
2 261 [0]
1 320 [0]
1 942 [0]
8 66 [1]
6 559 [5]
1 296 [0]
8 878 [1]
1 300 [0]
5 930 [0]
6 12 [5]
10 29 [1]
1 504 [0]
8 373 [1]
1 269 [0]
8 201 [1]
8 48 [1]
1 558 [0]
1 137 [0]
8 415 [1]
2 753 [4]
8 351 [1]
8 520 [1]
1 251 [0]
8 534 [1]
1 404 [0]
5 667 [0]
1 968 [0]
6 823 [5]
4 402 [7]
8 460 [1]
8 541 [1]
8 39 [1]
2 593 [1]
8 433 [1]
8 657 [1]
8 812 [1]
0 25 [4]
5 575 [0]
8 74 [1]
8 914 [1]
10 32 [1]
5 449 [0]
5 500 [4]
10 323 [1]
1 676 [2]
10 42 [1]
4 769 [4]
10 22 [1]
10 945 [1]
5 455 [6]
6 20 [5]
0 34 [4]
6 641 [5]
6 33 [6]
2 217 [0]
2 60 [4]
1 30 [0]
6 555 [5]
5 487 [6]
5 257 [0]
1 799 [2]
5 911 [4]
2 773 [1]
2 210 [0]
7 349 [5]
0 84 [4]
1 124 [0]
1 285 [0]
10 355 [3]
5 690 [6]
2 88 [4]
4 507 [4]
2 796 [1]
6 45 [5]
0 184 [4]
4 31 [7]
5 198 [0]
7 335 [5]
1 250 [0]
1 212 [0]
1 340 [0]
1 831 [0]
5 346 [4]
8 121 [6]
6 78 [5]
1 620 [2]
0 254 [4]
5 96 [0]
0 391 [4]
7 240 [5]
2 187 [0]
5 904 [0]
2 872 [1]
2 122 [4]
1 519 [7]
1 465 [0]
1 213 [0]
7 178 [5]
1 316 [0]
1 274 [0]
1 453 [0]
1 695 [0]
1 492 [0]
0 287 [4]
6 277 [5]
10 446 [0]
10 121 [0]
5 59 [0]
10 494 [1]
0 37 [1]
0 304 [4]
8 376 [6]
8 153 [1]
1 802 [7]
6 605 [5]
0 193 [4]
0 301 [4]
7 804 [5]
2 29 [7]
2 176 [0]
5 17 [0]
1 77 [2]
1 862 [0]
1 248 [0]
7 473 [5]
9 12 [1]
1 591 [7]
1 596 [7]
4 552 [7]
12 446 [0]
0 843 [4]
0 238 [4]
0 105 [4]
8 583 [6]
7 332 [6]
8 841 [6]
8 688 [6]
2 206 [4]
5 16 [0]
2 37 [1]
6 719 [5]
1 854 [0]
7 638 [6]
8 463 [6]
6 775 [5]
2 405 [4]
4 867 [7]
2 315 [1]
0 315 [1]
10 637 [4]
7 165 [5]
2 22 [7]
6 151 [5]
1 897 [7]
1 722 [7]
5 14 [0]
1 326 [2]
1 183 [0]
8 215 [6]
10 476 [4]
7 119 [5]
1 292 [0]
7 553 [5]
7 106 [5]
7 664 [5]
1 762 [7]
2 46 [1]
1 302 [7]
1 694 [7]
4 918 [7]
6 937 [5]
4 237 [4]
8 684 [0]
8 130 [0]
2 313 [0]
8 879 [0]
8 953 [0]
8 819 [0]
6 962 [5]
8 166 [0]
8 851 [0]
2 964 [4]
4 527 [4]
1 774 [7]
2 577 [4]
7 413 [5]
2 126 [1]
1 438 [7]
6 125 [5]
1 307 [0]
1 380 [7]
7 338 [6]
8 554 [6]
8 641 [6]
8 505 [6]
8 461 [6]
8 101 [6]
1 483 [7]
1 454 [2]
1 829 [7]
1 361 [7]
8 731 [1]
6 852 [5]
1 727 [7]
0 422 [7]
1 934 [7]
6 910 [5]
2 167 [0]
1 194 [7]
1 844 [7]
4 997 [7]
1 107 [7]
4 47 [7]
4 849 [4]
2 281 [4]
2 235 [4]
0 46 [1]
6 47 [5]
4 125 [7]
8 490 [0]
4 883 [7]
8 635 [0]
1 619 [0]
6 972 [5]
8 111 [1]
8 701 [6]
8 97 [1]
8 576 [0]
7 972 [5]
0 573 [7]
2 512 [4]
8 83 [6]
8 823 [6]
10 275 [1]
8 555 [6]
4 962 [7]
4 145 [4]
8 140 [1]
1 476 [2]
1 917 [7]
8 347 [1]
1 242 [0]
6 413 [5]
8 870 [6]
4 10 [7]
7 866 [6]
8 559 [6]
9 641 [7]
2 884 [4]
8 164 [7]
1 915 [0]
6 883 [5]
2 532 [4]
2 193 [4]
6 997 [5]
8 498 [1]
7 109 [6]
7 910 [5]
0 579 [7]
8 151 [7]
2 624 [4]
8 506 [1]
1 230 [0]
1 983 [0]
4 151 [7]
4 356 [4]
2 497 [1]
1 68 [7]
2 391 [4]
4 333 [4]
10 620 [4]
8 564 [1]
4 554 [7]
7 937 [5]
2 184 [4]
2 786 [4]
0 126 [1]
1 115 [7]
7 141 [6]
8 962 [7]
1 529 [2]
4 179 [4]
4 164 [7]
4 461 [7]
4 929 [4]
4 701 [7]
1 499 [0]
1 203 [0]
1 43 [0]
4 870 [7]
1 644 [7]
2 587 [4]
2 84 [4]
6 552 [5]
4 823 [7]
4 559 [7]
1 637 [2]
6 106 [5]
4 641 [7]
0 945 [7]
8 182 [1]
8 682 [1]
1 156 [7]
1 6 [6]
4 352 [4]
4 736 [4]
7 775 [5]
1 310 [7]
6 118 [5]
4 900 [4]
2 34 [4]
8 266 [1]
1 280 [2]
8 237 [1]
1 26 [0]
4 83 [7]
2 7 [1]
0 327 [1]
8 172 [1]
7 719 [5]
2 783 [4]
4 191 [4]
7 214 [6]
1 323 [2]
4 177 [4]
8 650 [1]
4 99 [4]
9 26 [1]
4 855 [4]
4 101 [7]
5 33 [6]
4 840 [4]
7 605 [5]
6 119 [5]
1 675 [7]
8 527 [1]
1 21 [0]
6 31 [5]
9 870 [6]
4 771 [4]
0 418 [7]
1 197 [7]
4 396 [4]
0 451 [7]
8 333 [1]
2 270 [0]
8 125 [0]
1 362 [7]
0 432 [1]
6 954 [6]
2 346 [4]
7 277 [5]
7 233 [6]
8 669 [1]
6 165 [5]
2 25 [4]
8 145 [1]
4 215 [7]
8 871 [1]
4 599 [4]
8 929 [1]
6 402 [5]
1 429 [2]
4 733 [4]
8 352 [1]
2 909 [0]
4 346 [4]
9 559 [6]
8 47 [0]
1 395 [7]
1 629 [7]
6 969 [5]
4 783 [4]
6 473 [5]
4 500 [4]
4 672 [4]
2 911 [4]
1 289 [7]
7 78 [5]
7 318 [6]
4 516 [4]
6 804 [5]
9 823 [6]
8 516 [1]
1 134 [7]
0 5 [6]
0 22 [7]
7 20 [5]
8 599 [1]
7 334 [6]
5 964 [4]
1 916 [7]
7 411 [6]
2 795 [4]
8 999 [1]
6 807 [5]
4 999 [4]
4 587 [4]
2 607 [0]
8 883 [0]
8 900 [1]
7 45 [5]
8 396 [1]
1 464 [2]
7 12 [5]
8 610 [1]
9 18 [1]
9 271 [1]
8 602 [1]
4 424 [4]
2 500 [4]
8 424 [1]
7 427 [6]
5 405 [4]
8 729 [1]
8 997 [0]
8 918 [7]
4 786 [4]
0 497 [1]
8 512 [1]
6 178 [5]
8 728 [1]
1 800 [7]
9 808 [1]
9 891 [1]
9 137 [1]
1 770 [7]
1 856 [2]
6 240 [5]
2 442 [0]
8 991 [1]
6 530 [5]
6 949 [6]
4 841 [7]
9 715 [1]
0 29 [7]
2 456 [4]
4 602 [4]
7 441 [6]
4 624 [4]
9 927 [1]
1 42 [2]
1 709 [7]
9 404 [1]
1 73 [7]
1 345 [7]
1 936 [7]
9 868 [1]
1 275 [7]
1 923 [7]
1 462 [7]
9 320 [1]
1 747 [7]
5 206 [4]
9 705 [1]
6 233 [5]
9 942 [1]
1 765 [7]
1 582 [7]
1 434 [7]
1 647 [7]
9 268 [1]
8 44 [1]
9 721 [1]
9 968 [1]
0 860 [1]
1 931 [7]
2 672 [4]
1 69 [7]
7 957 [6]
6 335 [5]
0 32 [7]
9 232 [1]
9 296 [1]
6 214 [5]
6 141 [5]
6 284 [5]
1 850 [7]
1 717 [7]
4 376 [7]
9 300 [1]
9 555 [6]
1 631 [7]
1 817 [7]
1 425 [7]
8 867 [0]
1 70 [7]
1 138 [7]
1 150 [7]
4 532 [4]
1 276 [7]
1 286 [7]
1 668 [7]
1 419 [7]
9 307 [1]
8 793 [1]
4 851 [7]
9 963 [1]
6 349 [5]
4 740 [7]
6 710 [5]
9 213 [1]
6 957 [5]
4 121 [7]
1 403 [2]
6 246 [5]
6 866 [5]
6 437 [5]
4 166 [7]
6 318 [5]
9 292 [1]
4 728 [4]
6 334 [5]
6 570 [5]
4 684 [7]
6 777 [5]
4 967 [7]
2 55 [4]
4 879 [7]
4 130 [7]
6 839 [5]
6 794 [5]
9 274 [1]
6 109 [5]
9 619 [1]
6 975 [5]
6 809 [5]
6 383 [5]
9 183 [1]
6 332 [5]
8 114 [1]
9 21 [1]
9 30 [1]
8 587 [1]
1 195 [7]
2 388 [4]
4 953 [7]
6 638 [5]
6 858 [5]
7 645 [6]
0 894 [1]
4 848 [7]
4 446 [7]
9 915 [1]
6 336 [6]
2 733 [4]
8 94 [1]
9 899 [1]
8 764 [1]
9 492 [1]
9 983 [1]
0 41 [7]
6 411 [5]
9 52 [1]
6 441 [5]
1 85 [2]
6 803 [5]
9 124 [1]
9 499 [1]
6 469 [5]
6 427 [5]
9 453 [1]
6 626 [5]
9 862 [1]
9 212 [1]
4 616 [7]
4 819 [7]
2 260 [0]
2 339 [4]
2 90 [4]
6 338 [5]
8 99 [1]
8 122 [1]
8 88 [1]
0 676 [7]
0 529 [7]
0 323 [7]
8 769 [1]
8 911 [1]
2 48 [4]
9 701 [6]
8 206 [1]
6 228 [5]
8 639 [1]
0 77 [7]
8 964 [1]
4 281 [4]
8 480 [1]
8 60 [1]
8 828 [1]
8 191 [1]
9 920 [1]
8 905 [1]
8 468 [1]
8 405 [1]
8 753 [1]
8 507 [1]
0 613 [1]
8 177 [1]
5 122 [4]
0 799 [7]
8 550 [1]
0 280 [7]
8 577 [1]
2 308 [4]
0 926 [7]
8 632 [1]
0 881 [1]
8 736 [1]
8 636 [1]
8 783 [1]
9 615 [1]
8 430 [1]
8 563 [1]
4 729 [4]
4 490 [7]
1 127 [2]
1 295 [2]
0 620 [7]
8 148 [1]
6 746 [5]
8 179 [1]
0 429 [7]
8 417 [1]
8 500 [1]
8 356 [1]
8 346 [1]
8 526 [1]
0 637 [7]
0 171 [7]
8 281 [1]
1 312 [7]
8 552 [7]
5 211 [4]
7 898 [6]
7 469 [6]
2 855 [4]
0 660 [1]
1 562 [2]
4 690 [6]
7 744 [6]
9 554 [6]
1 154 [2]
7 746 [6]
1 961 [2]
7 858 [6]
7 437 [6]
2 147 [4]
7 794 [6]
7 880 [6]
0 42 [7]
7 805 [6]
2 6 [6]
5 220 [4]
7 706 [6]
7 626 [6]
4 577 [4]
7 809 [6]
7 975 [6]
1 919 [2]
6 328 [6]
1 815 [7]
8 960 [1]
1 821 [2]
7 989 [6]
7 763 [6]
1 423 [2]
4 576 [7]
7 803 [6]
8 152 [1]
8 118 [7]
6 58 [5]
4 122 [4]
4 44 [4]
5 88 [4]
7 58 [6]
4 550 [4]
6 898 [5]
8 863 [1]
1 209 [2]
0 85 [7]
8 252 [1]
1 224 [7]
4 60 [4]
4 206 [4]
5 853 [4]
4 632 [4]
4 635 [7]
4 753 [4]
4 94 [4]
4 928 [4]
4 88 [4]
2 526 [4]
4 748 [4]
4 249 [4]
8 31 [7]
1 244 [2]
1 294 [7]
9 505 [6]
7 246 [6]
2 444 [4]
4 649 [7]
8 540 [1]
8 513 [1]
0 127 [7]
0 586 [1]
1 381 [2]
8 435 [1]
5 389 [2]
2 175 [0]
5 537 [4]
8 401 [1]
2 196 [4]
7 284 [6]
6 95 [6]
1 359 [7]
2 771 [4]
0 154 [7]
8 283 [1]
5 60 [4]
1 495 [2]
2 401 [4]
9 461 [6]
8 895 [1]
2 944 [4]
2 958 [4]
2 912 [4]
5 557 [4]
0 745 [5]
2 798 [4]
2 646 [4]
8 421 [1]
0 642 [1]
1 367 [7]
6 330 [4]
2 219 [4]
4 447 [7]
0 295 [7]
2 241 [4]
2 278 [4]
8 912 [1]
7 530 [6]
2 91 [0]
8 834 [1]
1 738 [7]
2 36 [4]
1 734 [2]
2 317 [4]
8 958 [1]
2 440 [4]
1 704 [2]
8 646 [1]
1 171 [7]
9 164 [6]
0 792 [1]
5 665 [4]
1 663 [2]
0 403 [7]
5 753 [4]
2 384 [4]
2 283 [4]
0 364 [5]
0 423 [7]
5 720 [4]
1 373 [2]
8 196 [1]
0 443 [5]
2 513 [4]
1 982 [7]
2 99 [4]
1 201 [2]
6 89 [6]
9 151 [6]
1 41 [7]
7 687 [6]
8 486 [1]
5 632 [4]
0 65 [1]
6 247 [4]
1 32 [7]
5 648 [4]
1 678 [2]
1 787 [2]
9 962 [6]
0 19 [1]
5 885 [2]
8 818 [1]
8 444 [1]
1 66 [2]
1 878 [2]
0 562 [7]
2 751 [0]
0 393 [5]
2 252 [4]
6 222 [4]
4 418 [7]
2 177 [4]
2 152 [4]
7 807 [6]
9 125 [6]
1 451 [7]
0 743 [5]
8 924 [1]
1 22 [7]
1 29 [7]
1 415 [2]
5 595 [2]
0 821 [7]
2 191 [4]
6 226 [6]
6 181 [4]
7 402 [6]
7 969 [6]
5 776 [2]
10 898 [5]
9 47 [6]
7 31 [6]
5 373 [4]
5 928 [4]
2 148 [4]
1 418 [7]
0 961 [7]
10 805 [5]
1 351 [2]
0 994 [5]
2 627 [0]
8 308 [1]
5 289 [4]
0 89 [1]
1 579 [7]
1 573 [7]
1 945 [7]
2 20 [0]
1 812 [2]
8 549 [1]
5 76 [2]
10 746 [5]
5 629 [4]
2 736 [4]
4 945 [7]
6 494 [6]
1 422 [7]
7 552 [6]
7 867 [6]
7 997 [6]
7 118 [6]
8 388 [1]
6 112 [4]
7 918 [6]
7 883 [6]
5 600 [2]
8 825 [1]
5 524 [2]
5 170 [2]
5 748 [4]
1 460 [2]
2 318 [0]
5 353 [2]
5 66 [4]
0 209 [7]
8 456 [1]
5 531 [2]
2 12 [0]
6 92 [4]
5 344 [2]
5 103 [2]
2 214 [0]
0 500 [2]
2 45 [0]
2 233 [0]
6 511 [6]
2 636 [4]
4 182 [2]
5 625 [2]
5 666 [2]
5 700 [2]
5 478 [2]
5 630 [2]
5 757 [2]
5 488 [2]
5 426 [2]
2 141 [0]
2 430 [4]
8 34 [1]
2 805 [0]
2 710 [0]
2 839 [0]
7 47 [6]
2 763 [0]
0 484 [5]
6 452 [6]
5 290 [2]
2 769 [4]
2 969 [0]
0 672 [2]
2 638 [0]
2 828 [4]
2 109 [0]
2 240 [0]
2 246 [0]
2 975 [0]
2 437 [0]
2 777 [0]
2 626 [0]
2 441 [0]
2 228 [0]
2 687 [0]
2 335 [0]
2 552 [0]
2 402 [0]
2 58 [0]
2 427 [0]
1 657 [2]
2 31 [0]
2 746 [0]
2 784 [0]
2 905 [4]
2 858 [0]
2 469 [0]
2 118 [0]
2 284 [0]
2 744 [0]
2 179 [4]
2 507 [4]
2 898 [0]
2 989 [0]
5 197 [4]
2 809 [0]
2 332 [0]
1 914 [2]
2 178 [0]
2 383 [0]
2 706 [0]
2 570 [0]
2 338 [0]
2 411 [0]
2 645 [0]
2 530 [0]
4 579 [7]
2 349 [0]
2 807 [0]
2 334 [0]
0 244 [7]
2 793 [4]
0 495 [7]
6 534 [4]
2 417 [4]
2 918 [0]
2 639 [4]
2 480 [4]
2 764 [4]
6 780 [6]
7 125 [6]
2 867 [0]
0 663 [7]
5 201 [4]
8 25 [1]
2 804 [0]
0 733 [2]
0 381 [7]
8 522 [1]
2 356 [4]
2 940 [4]
2 78 [0]
9 31 [7]
5 550 [4]
1 39 [2]
5 732 [2]
2 277 [0]
9 118 [6]
4 111 [2]
0 855 [2]
2 473 [0]
8 392 [1]
0 840 [2]
6 520 [4]
9 437 [7]
0 54 [5]
1 74 [2]
7 962 [6]
5 903 [2]
6 907 [6]
0 704 [7]
2 997 [0]
9 402 [7]
6 19 [6]
5 249 [4]
0 734 [7]
8 357 [1]
2 910 [0]
2 719 [0]
2 605 [0]
0 526 [2]
2 883 [0]
4 97 [2]
2 165 [0]
2 327 [6]
9 744 [7]
7 151 [6]
6 433 [4]
9 469 [7]
4 422 [7]
4 545 [7]
4 838 [2]
0 836 [7]
0 771 [2]
4 222 [2]
8 267 [1]
7 164 [6]
6 74 [4]
0 192 [5]
2 119 [0]
4 181 [2]
4 833 [7]
2 972 [0]
6 275 [6]
2 47 [0]
2 852 [0]
4 474 [7]
6 39 [4]
8 188 [1]
0 798 [2]
4 112 [2]
2 151 [0]
2 505 [0]
8 678 [4]
2 553 [0]
1 5 [6]
2 413 [0]
2 962 [0]
4 982 [7]
9 626 [7]
4 223 [2]
4 814 [2]
2 823 [0]
0 211 [7]
2 554 [0]
2 555 [0]
9 687 [6]
2 559 [0]
4 387 [2]
4 580 [2]
9 807 [6]
2 125 [0]
2 461 [0]
4 990 [2]
2 164 [0]
2 701 [0]
4 330 [2]
5 94 [4]
2 641 [0]
2 106 [0]
4 496 [2]
2 664 [0]
1 356 [2]
6 792 [6]
2 432 [6]
1 793 [2]
1 92 [2]
4 92 [2]
5 678 [4]
7 461 [6]
1 764 [2]
0 382 [5]
4 433 [2]
1 417 [2]
0 99 [2]
4 534 [2]
0 220 [7]
6 369 [6]
1 639 [2]
4 738 [7]
4 541 [2]
1 480 [2]
2 622 [0]
6 914 [4]
8 113 [1]
5 44 [4]
8 100 [1]
8 301 [1]
8 287 [1]
6 21 [2]
6 657 [4]
2 10 [0]
6 351 [4]
0 177 [2]
4 74 [2]
0 231 [7]
1 179 [2]
3 71 [3]
6 419 [6]
8 404 [2]
5 991 [4]
6 460 [4]
2 365 [0]
4 367 [7]
5 415 [4]
0 853 [7]
6 812 [4]
0 191 [2]
9 898 [7]
4 39 [2]
6 642 [6]
6 787 [4]
2 755 [0]
5 729 [4]
6 920 [2]
6 644 [4]
8 973 [1]
6 878 [4]
7 451 [6]
1 636 [2]
4 359 [7]
8 304 [1]
6 709 [6]
6 415 [4]
0 537 [7]
0 612 [5]
8 254 [1]
8 80 [1]
8 238 [1]
7 505 [6]
8 984 [1]
8 79 [1]
8 601 [1]
8 105 [1]
8 826 [1]
9 975 [7]
0 736 [2]
2 264 [0]
2 860 [6]
5 610 [4]
8 730 [1]
5 728 [4]
6 150 [6]
7 418 [6]
8 661 [1]
6 201 [4]
0 557 [7]
1 736 [2]
6 678 [4]
9 805 [7]
8 703 [1]
4 294 [7]
8 149 [1]
7 391 [6]
7 84 [6]
8 174 [1]
5 602 [4]
1 191 [2]
7 267 [6]
7 884 [6]
7 184 [6]
0 665 [7]
8 504 [2]
4 67 [1]
7 34 [6]
4 224 [7]
6 923 [6]
2 104 [0]
6 10 [5]
10 402 [7]
9 746 [7]
0 713 [5]
5 63 [2]
6 197 [4]
9 706 [7]
0 636 [2]
9 763 [7]
4 657 [2]
8 23 [1]
4 366 [6]
4 815 [7]
5 424 [4]
6 425 [6]
6 586 [6]
0 179 [2]
4 460 [2]
2 894 [6]
8 62 [1]
8 57 [1]
3 690 [6]
5 657 [4]
1 177 [2]
6 66 [4]
10 47 [6]
0 720 [7]
8 364 [1]
5 999 [4]
3 37 [6]
8 120 [1]
6 629 [4]
6 195 [6]
8 868 [2]
7 357 [6]
8 168 [1]
6 280 [4]
0 896 [5]
4 812 [2]
7 701 [6]
1 99 [2]
4 312 [7]
5 24 [2]
0 648 [7]
5 914 [4]
8 824 [1]
8 11 [1]
8 713 [1]
3 6 [6]
8 896 [1]
8 393 [1]
8 612 [1]
5 516 [4]
8 689 [1]
6 323 [4]
5 39 [4]
4 195 [7]
0 761 [7]
5 143 [2]
4 351 [2]
7 392 [6]
1 798 [2]
5 792 [6]
6 312 [6]
4 415 [2]
3 315 [6]
5 599 [4]
8 656 [1]
8 382 [1]
7 895 [6]
7 114 [6]
7 863 [6]
6 926 [4]
3 501 [1]
5 306 [2]
7 924 [6]
7 468 [6]
7 540 [6]
6 761 [4]
6 660 [6]
7 421 [6]
7 960 [6]
6 289 [4]
6 815 [6]
0 163 [5]
1 771 [2]
5 74 [4]
7 555 [6]
2 613 [6]
7 825 [6]
7 834 [6]
0 289 [7]
6 738 [6]
0 234 [5]
6 545 [6]
6 573 [6]
6 982 [6]
6 833 [6]
8 192 [1]
8 324 [1]
6 367 [6]
8 484 [1]
5 396 [4]
5 586 [6]
8 54 [1]
6 294 [6]
6 474 [6]
5 433 [4]
8 470 [1]
6 422 [6]
6 429 [4]
6 359 [6]
1 526 [2]
6 648 [4]
6 224 [6]
5 386 [2]
6 579 [6]
5 450 [2]
8 300 [2]
5 900 [4]
6 464 [4]
5 520 [4]
6 418 [6]
8 234 [1]
6 720 [4]
8 705 [2]
1 387 [2]
8 927 [2]
0 373 [7]
6 22 [6]
6 451 [6]
5 590 [2]
3 487 [1]
0 324 [5]
0 430 [2]
6 856 [4]
5 534 [4]
5 352 [4]
5 541 [4]
7 25 [6]
4 458 [6]
5 510 [6]
6 881 [6]
6 665 [4]
0 563 [2]
1 838 [2]
0 148 [2]
10 874 [4]
1 840 [2]
2 881 [6]
6 42 [4]
6 137 [2]
1 733 [2]
0 66 [7]
4 725 [6]
6 52 [2]
6 557 [4]
5 929 [4]
6 295 [4]
5 603 [2]
5 92 [4]
0 629 [7]
5 578 [6]
1 97 [2]
4 66 [2]
1 672 [2]
6 220 [4]
0 656 [5]
6 209 [4]
6 495 [4]
1 111 [2]
1 564 [2]
4 749 [6]
6 663 [4]
6 381 [4]
5 333 [4]
6 704 [4]
6 919 [4]
6 821 [4]
6 862 [2]
6 127 [4]
2 321 [0]
5 112 [4]
0 201 [7]
6 562 [4]
6 403 [4]
6 244 [4]
6 154 [4]
6 836 [4]
6 537 [4]
6 232 [2]
1 140 [2]
6 734 [4]
5 778 [6]
6 961 [4]
7 559 [6]
6 85 [4]
5 938 [2]
6 423 [4]
0 197 [7]
1 249 [2]
0 644 [7]
1 206 [2]
1 88 [2]
4 95 [6]
5 145 [4]
6 211 [4]
5 756 [6]
1 786 [2]
6 899 [2]
1 849 [2]
1 624 [2]
1 94 [2]
0 415 [7]
1 44 [2]
0 787 [7]
1 753 [2]
9 794 [6]
1 60 [2]
1 500 [2]
1 182 [2]
5 181 [4]
3 126 [6]
6 268 [2]
1 911 [2]
1 516 [2]
1 632 [2]
1 396 [2]
1 587 [2]
0 878 [7]
6 18 [2]
1 929 [2]
1 964 [2]
1 237 [2]
1 783 [2]
9 784 [6]
1 352 [2]
1 991 [2]
1 527 [2]
2 447 [0]
1 532 [2]
1 577 [2]
5 781 [2]
1 900 [2]
5 231 [2]
1 405 [2]
6 613 [6]
0 678 [7]
1 346 [2]
1 729 [2]
1 145 [2]
2 660 [6]
1 512 [2]
1 599 [2]
1 122 [2]
2 13 [0]
1 333 [2]
1 281 [2]
1 728 [2]
5 849 [4]
5 200 [6]
7 870 [6]
0 351 [7]
6 316 [2]
5 222 [4]
2 273 [0]
7 224 [6]
2 14 [0]
5 416 [2]
7 14 [6]
6 959 [2]
10 969 [6]
9 645 [6]
4 857 [6]
0 689 [5]
6 15 [2]
4 89 [6]
6 891 [2]
5 247 [4]
7 83 [6]
0 21 [0]
3 327 [6]
4 593 [6]
6 894 [6]
6 213 [2]
2 768 [0]
5 527 [4]
5 686 [4]
5 651 [6]
5 996 [4]
6 492 [2]
2 716 [0]
7 815 [6]
10 763 [7]
0 812 [7]
2 925 [0]
2 16 [0]
9 957 [6]
2 584 [0]
2 586 [6]
6 970 [2]
20 441 [7]
5 506 [4]
7 101 [6]
3 432 [6]
5 330 [4]
6 889 [2]
5 140 [4]
6 558 [2]
4 773 [6]
5 838 [4]
5 617 [4]
5 814 [4]
6 927 [2]
5 782 [6]
5 580 [4]
5 347 [4]
5 97 [4]
5 111 [4]
5 223 [4]
9 441 [6]
6 453 [2]
7 312 [6]
5 498 [4]
5 990 [4]
4 65 [6]
5 496 [4]
5 182 [4]
5 564 [4]
6 808 [2]
6 860 [6]
0 26 [0]
2 581 [4]
2 17 [0]
10 807 [6]
0 824 [5]
5 663 [2]
0 460 [7]
5 237 [4]
2 59 [0]
2 71 [3]
0 657 [7]
6 274 [2]
6 715 [2]
6 340 [2]
6 868 [2]
6 695 [2]
0 181 [7]
7 215 [6]
6 212 [2]
5 216 [6]
4 15 [7]
9 427 [6]
7 195 [6]
6 497 [6]
5 495 [2]
6 320 [2]
0 43 [0]
2 293 [0]
0 74 [7]
0 120 [5]
0 387 [7]
0 838 [7]
4 18 [7]
0 729 [7]
0 550 [7]
10 687 [6]
0 249 [7]
0 203 [0]
0 112 [7]
6 942 [2]
0 60 [7]
0 632 [7]
20 957 [7]
0 541 [7]
0 424 [7]
0 814 [7]
0 534 [7]
0 496 [7]
0 223 [7]
0 520 [7]
0 914 [7]
0 39 [7]
10 706 [7]
0 94 [7]
0 991 [7]
2 948 [0]
6 124 [2]
0 928 [7]
0 602 [7]
6 504 [2]
7 463 [6]
6 721 [2]
5 255 [6]
0 610 [7]
0 433 [7]
7 425 [6]
0 92 [7]
2 597 [4]
0 728 [7]
4 796 [6]
5 381 [2]
1 71 [3]
0 748 [7]
2 642 [6]
0 44 [7]
6 271 [2]
6 404 [2]
10 989 [7]
10 858 [7]
2 96 [0]
6 968 [2]
3 548 [6]
10 975 [7]
2 941 [0]
4 137 [7]
4 19 [6]
4 451 [2]
2 566 [0]
7 923 [6]
5 244 [2]
9 334 [6]
9 20 [4]
2 533 [0]
0 230 [0]
6 30 [2]
10 809 [7]
5 363 [6]
2 685 [0]
10 530 [6]
5 126 [6]
0 242 [0]
10 284 [6]
0 539 [0]
10 626 [7]
5 574 [2]
2 229 [0]
9 318 [6]
0 385 [0]
4 792 [6]
4 872 [6]
0 397 [0]
5 46 [6]
5 707 [6]
5 209 [2]
1 487 [3]
2 158 [0]
6 432 [6]
2 718 [4]
7 150 [6]
10 615 [1]
0 985 [0]
4 232 [7]
4 22 [2]
3 613 [6]
2 198 [0]
2 908 [4]
10 469 [7]
5 406 [2]
4 37 [6]
5 966 [6]
3 7 [0]
5 378 [2]
10 228 [6]
5 739 [2]
4 268 [7]
5 157 [2]
4 660 [6]
7 841 [6]
0 854 [0]
7 709 [6]
3 8 [0]
3 881 [6]
9 233 [6]
9 214 [6]
3 525 [6]
2 257 [0]
4 29 [2]
4 315 [6]
2 8 [0]
4 464 [2]
5 366 [6]
5 773 [6]
4 429 [2]
2 759 [4]
4 497 [6]
10 744 [7]
2 139 [0]
3 660 [6]
5 374 [6]
5 872 [6]
7 376 [6]
0 371 [5]
5 796 [6]
4 32 [2]
2 449 [0]
7 419 [6]
0 248 [0]
4 46 [6]
4 300 [7]
5 271 [2]
2 792 [6]
4 705 [7]
4 881 [6]
4 296 [7]
4 856 [2]
7 446 [6]
7 130 [6]
10 58 [6]
10 437 [7]
5 593 [6]
3 586 [6]
10 575 [2]
0 465 [0]
6 327 [6]
4 432 [6]
2 341 [4]
20 803 [7]
0 543 [5]
4 558 [7]
4 613 [6]
5 604 [6]
4 280 [2]
3 642 [6]
2 842 [4]
4 41 [2]
8 537 [4]
5 715 [2]
4 894 [6]
7 490 [6]
7 848 [6]
7 995 [6]
7 616 [6]
7 166 [6]
7 817 [6]
7 13 [6]
7 879 [6]
7 875 [6]
7 576 [6]
7 447 [6]
7 851 [6]
7 953 [6]
7 121 [6]
7 684 [6]
7 635 [6]
7 369 [6]
7 649 [6]
7 819 [6]
7 275 [6]
0 831 [0]
2 922 [4]
3 350 [6]
5 458 [6]
2 457 [4]
4 637 [2]
4 327 [6]
2 608 [4]
0 4 [1]
4 889 [7]
2 667 [0]
5 857 [6]
4 126 [6]
2 410 [4]
7 874 [6]
0 628 [5]
2 485 [4]
1 4 [6]
2 514 [4]
5 808 [2]
8 853 [4]
4 171 [2]
2 674 [4]
10 582 [4]
4 676 [2]
2 379 [4]
4 620 [2]
4 970 [7]
4 476 [2]
4 326 [2]
3 89 [6]
2 930 [0]
2 173 [4]
4 868 [7]
4 454 [2]
2 19 [6]
3 792 [6]
2 517 [4]
4 504 [7]
4 320 [7]
4 529 [2]
4 77 [2]
3 65 [6]
2 322 [4]
2 609 [4]
3 954 [6]
0 250 [0]
5 891 [2]
3 801 [6]
4 906 [7]
2 309 [4]
5 20 [0]
7 907 [6]
2 943 [4]
7 780 [6]
21 451 [3]
3 328 [6]
0 797 [5]
3 949 [6]
10 76 [4]
2 699 [0]
0 932 [0]
3 95 [6]
3 19 [6]
21 418 [3]
3 336 [6]
6 126 [6]
0 285 [0]
2 65 [6]
21 945 [3]
4 721 [7]
7 10 [5]
1 19 [6]
7 199 [6]
2 561 [0]
0 251 [0]
5 15 [2]
0 23 [5]
28 256 [1]
21 579 [3]
0 11 [5]
7 452 [6]
4 942 [7]
4 968 [7]
8 360 [2]
8 211 [4]
21 573 [3]
8 355 [2]
5 154 [2]
7 263 [6]
0 269 [0]
16 767 [7]
8 606 [2]
0 57 [5]
10 936 [4]
2 981 [0]
8 157 [2]
8 901 [2]
5 12 [0]
6 46 [6]
7 511 [6]
21 833 [3]
0 412 [0]
28 136 [6]
8 869 [2]
0 62 [5]
2 27 [0]
8 574 [2]
5 127 [2]
1 65 [6]
7 137 [6]
7 494 [6]
7 348 [6]
7 268 [6]
7 232 [6]
7 43 [6]
7 203 [6]
7 26 [6]
7 615 [6]
7 132 [6]
8 781 [2]
7 673 [6]
7 320 [6]
7 276 [6]
7 741 [6]
7 936 [6]
7 721 [6]
7 248 [6]
7 15 [6]
7 942 [6]
7 138 [6]
7 462 [6]
7 226 [6]
7 899 [6]
7 404 [6]
7 316 [6]
7 968 [6]
7 539 [6]
7 69 [6]
7 959 [6]
7 213 [6]
7 695 [6]
7 70 [6]
7 921 [6]
6 315 [6]
0 788 [0]
7 558 [6]
7 434 [6]
10 666 [4]
2 28 [0]
7 854 [6]
0 174 [5]
33 609 [1]
7 722 [6]
5 85 [2]
7 242 [6]
7 73 [6]
7 970 [6]
21 545 [3]
21 474 [3]
7 30 [6]
33 517 [1]
7 680 [6]
7 68 [6]
7 927 [6]
7 465 [6]
21 738 [3]
7 705 [6]
7 81 [6]
7 889 [6]
7 596 [6]
7 985 [6]
7 983 [6]
7 160 [6]
7 765 [6]
7 250 [6]
7 906 [6]
7 296 [6]
7 963 [6]
7 157 [6]
7 915 [6]
7 499 [6]
7 134 [6]
7 482 [6]
7 619 [6]
7 438 [6]
7 717 [6]
7 218 [6]
7 271 [6]
7 183 [6]
7 739 [6]
7 647 [6]
7 772 [6]
7 917 [6]
7 21 [6]
7 850 [6]
7 292 [6]
7 931 [6]
7 492 [6]
7 230 [6]
7 920 [6]
7 946 [6]
7 770 [6]
7 668 [6]
7 18 [6]
7 61 [6]
7 453 [6]
7 397 [6]
7 414 [6]
7 269 [6]
7 185 [6]
7 932 [6]
7 274 [6]
7 49 [6]
7 286 [6]
7 569 [6]
7 582 [6]
7 302 [6]
7 800 [6]
7 52 [6]
7 239 [6]
7 124 [6]
7 212 [6]
7 715 [6]
7 868 [6]
7 831 [6]
7 385 [6]
7 504 [6]
7 519 [6]
7 378 [6]
7 802 [6]
7 307 [6]
7 631 [6]
7 345 [6]
7 340 [6]
28 169 [6]
2 35 [0]
16 243 [7]
5 42 [2]
21 367 [3]
8 938 [2]
0 80 [5]
1 448 [2]
0 680 [0]
33 379 [1]
0 221 [5]
4 850 [7]
21 294 [3]
21 359 [3]
33 309 [1]
10 138 [4]
8 603 [2]
0 259 [5]
10 630 [4]
21 224 [3]
10 276 [4]
2 53 [0]
14 131 [7]
1 89 [6]
6 37 [6]
33 322 [1]
0 400 [0]
10 170 [4]
0 408 [0]
5 856 [2]
13 64 [7]
10 478 [1]
33 992 [1]
33 475 [1]
8 590 [2]
28 565 [1]
51 475 [1]
10 35 [3]
14 225 [7]
2 82 [0]
21 815 [3]
33 922 [1]
0 560 [5]
10 53 [3]
28 202 [6]
1 309 [2]
33 674 [1]
14 129 [3]
33 173 [1]
2 116 [0]
2 123 [0]
2 67 [1]
14 398 [3]
28 399 [6]
28 258 [6]
10 69 [4]
14 890 [7]
0 81 [0]
0 772 [0]
2 350 [6]
14 35 [3]
4 218 [7]
1 173 [2]
0 662 [5]
2 102 [0]
10 240 [7]
28 933 [6]
28 572 [1]
6 872 [6]
21 312 [3]
8 450 [2]
10 119 [5]
2 189 [0]
4 770 [7]
5 464 [2]
2 621 [0]
0 459 [5]
21 709 [3]
8 386 [2]
1 95 [6]
28 993 [6]
14 571 [7]
14 108 [3]
51 992 [1]
0 350 [6]
8 903 [2]
21 195 [3]
8 40 [2]
21 425 [3]
2 98 [0]
10 178 [7]
8 142 [2]
8 732 [2]
0 144 [5]
14 87 [3]
4 916 [7]
6 796 [6]
0 79 [5]
0 375 [5]
2 643 [0]
0 754 [5]
8 306 [2]
14 887 [7]
21 369 [3]
1 455 [1]
51 674 [1]
10 757 [1]
21 907 [3]
5 429 [2]
21 874 [3]
1 328 [6]
21 780 [3]
9 413 [0]
2 86 [0]
4 395 [7]
14 640 [7]
2 623 [0]
8 143 [2]
0 525 [6]
14 56 [3]
2 955 [1]
8 290 [2]
21 452 [3]
10 28 [3]
4 362 [7]
2 207 [0]
0 49 [0]
14 38 [3]
10 524 [1]
2 758 [0]
8 877 [2]
14 974 [7]
10 568 [4]
28 439 [6]
10 30 [1]
51 514 [1]
8 24 [2]
8 63 [2]
19 697 [1]
33 457 [3]
51 608 [1]
0 61 [0]
11 792 [5]
2 377 [0]
1 336 [6]
0 548 [6]
22 60 [3]
14 272 [7]
28 589 [6]
16 128 [7]
9 852 [0]
19 913 [1]
16 110 [7]
4 675 [7]
14 864 [3]
10 106 [0]
0 708 [6]
16 939 [7]
33 410 [3]
1 471 [6]
27 108 [4]
51 341 [3]
4 310 [7]
0 72 [0]
14 737 [3]
27 398 [4]
0 913 [6]
10 16 [3]
28 971 [6]
2 693 [0]
10 600 [1]
2 390 [0]
51 485 [1]
4 156 [7]
0 697 [6]
51 457 [1]
56 633 [6]
0 199 [0]
1 653 [6]
2 979 [0]
21 185 [3]
1 407 [6]
4 52 [7]
1 949 [6]
16 724 [7]
1 288 [6]
2 75 [0]
8 294 [4]
16 535 [7]
14 28 [3]
10 17 [3]
0 3 [3]
14 343 [7]
14 655 [3]
51 842 [3]
14 409 [7]
28 810 [6]
6 100 [6]
51 410 [1]
4 183 [7]
33 759 [3]
14 503 [3]
16 702 [7]
8 982 [4]
16 865 [7]
8 367 [4]
1 93 [6]
28 679 [4]
33 842 [3]
8 738 [4]
2 431 [0]
16 358 [7]
6 80 [6]
21 132 [3]
9 605 [0]
33 341 [3]
1 801 [6]
56 611 [6]
14 420 [7]
6 857 [6]
4 115 [7]
8 359 [4]
10 96 [3]
4 68 [7]
8 474 [4]
16 64 [4]
1 955 [6]
33 597 [3]
51 718 [1]
16 977 [7]
27 87 [4]
56 588 [6]
21 73 [3]
2 64 [0]
8 545 [4]
14 472 [7]
1 697 [6]
1 51 [6]
154 955 [0]
28 723 [4]
6 749 [6]
28 767 [1]
9 277 [0]
10 198 [3]
13 91 [7]
821 955 [0]
9 78 [0]
56 536 [6]
423 955 [0]
1 33 [6]
8 833 [4]
28 806 [4]
9 83 [2]
10 681 [1]
69 425 [2]
51 759 [3]
20 228 [1]
75 372 [0]
0 33 [6]
0 345 [0]
20 284 [1]
6 725 [6]
4 569 [7]
295 955 [0]
22 795 [6]
403 955 [0]
4 917 [7]
16 950 [7]
22 388 [6]
20 898 [1]
1 954 [6]
5 529 [2]
22 308 [6]
6 9 [3]
2 146 [0]
9 45 [0]
8 649 [2]
22 652 [6]
75 594 [0]
0 194 [6]
38 827 [1]
2 752 [0]
45 805 [1]
22 456 [6]
0 717 [0]
69 923 [2]
8 995 [2]
0 425 [0]
0 770 [0]
16 98 [4]
28 186 [1]
0 362 [0]
69 419 [2]
0 294 [0]
38 536 [6]
0 936 [0]
0 276 [0]
38 538 [6]
22 486 [6]
0 70 [0]
16 236 [7]
0 369 [0]
0 747 [0]
0 224 [0]
0 668 [0]
1 708 [6]
22 444 [6]
13 175 [7]
0 69 [0]
38 265 [6]
9 101 [2]
0 946 [0]
22 929 [3]
0 115 [0]
0 68 [0]
0 709 [0]
114 846 [1]
0 923 [0]
8 422 [4]
28 827 [1]
0 150 [0]
2 50 [0]
0 434 [0]
0 647 [0]
1 811 [4]
0 452 [0]
38 598 [6]
10 257 [3]
0 765 [0]
2 428 [0]
0 582 [0]
0 185 [0]
0 51 [6]
22 396 [3]
5 9 [3]
0 916 [0]
0 817 [0]
0 138 [0]
0 218 [0]
0 850 [0]
0 511 [0]
4 438 [7]
51 908 [3]
0 160 [0]
38 886 [6]
0 874 [0]
0 132 [0]
0 156 [0]
0 73 [0]
22 196 [6]
0 286 [0]
0 226 [0]
0 275 [0]
0 419 [0]
22 352 [3]
0 462 [0]
22 900 [3]
0 494 [0]
0 800 [0]
0 395 [0]
0 134 [0]
16 86 [1]
38 205 [6]
1 350 [6]
28 518 [1]
4 43 [7]
22 646 [6]
69 709 [2]
0 93 [6]
69 150 [2]
2 515 [0]
22 912 [6]
8 573 [4]
2 479 [0]
13 204 [7]
22 958 [6]
8 875 [2]
4 302 [7]
5 476 [2]
10 449 [3]
14 508 [7]
8 12 [0]
16 102 [1]
28 882 [4]
22 333 [3]
6 458 [6]
14 290 [1]
8 579 [4]
28 265 [6]
28 998 [1]
38 588 [6]
4 26 [7]
38 965 [6]
1 525 [6]
8 85 [4]
56 598 [6]
16 162 [7]
1 548 [6]
6 628 [6]
6 221 [6]
6 120 [6]
6 79 [6]
2 876 [0]
6 797 [6]
69 369 [1]
6 174 [6]
6 662 [6]
6 57 [6]
6 560 [6]
28 135 [4]
9 451 [4]
9 981 [2]
38 518 [1]
28 542 [1]
6 11 [6]
14 170 [1]
10 146 [3]
4 722 [7]
6 604 [6]
16 116 [4]
9 22 [4]
6 259 [6]
22 122 [6]
114 816 [1]
4 203 [7]
8 945 [4]
22 401 [6]
38 611 [6]
22 283 [6]
8 42 [4]
22 252 [6]
22 145 [3]
22 152 [6]
4 230 [7]
2 986 [0]
6 459 [6]
6 543 [6]
38 370 [6]
10 606 [4]
10 635 [2]
22 356 [6]
13 262 [7]
6 168 [6]
22 513 [6]
6 754 [6]
6 23 [6]
6 371 [6]
8 447 [2]
22 417 [6]
22 855 [6]
22 532 [6]
22 905 [6]
22 512 [6]
22 764 [6]
22 99 [6]
0 448 [0]
22 500 [6]
13 27 [6]
22 480 [6]
22 672 [6]
22 733 [6]
22 639 [6]
22 840 [6]
38 133 [6]
8 14 [2]
51 597 [3]
45 109 [1]
28 128 [4]
5 454 [2]
38 971 [1]
8 418 [4]
9 561 [2]
2 528 [0]
4 61 [7]
86 445 [5]
6 374 [6]
69 817 [1]
16 123 [4]
22 507 [6]
27 56 [4]
56 886 [6]
28 538 [6]
10 576 [2]
9 418 [4]
8 856 [4]
4 596 [7]
4 242 [7]
4 499 [7]
14 859 [7]
22 769 [6]
13 521 [7]
22 563 [6]
0 694 [2]
22 88 [6]
114 779 [1]
22 526 [6]
8 13 [2]
22 624 [6]
22 587 [6]
22 783 [6]
10 290 [1]
22 179 [6]
22 940 [6]
22 771 [6]
22 798 [6]
22 828 [6]
22 793 [6]
22 281 [6]
22 148 [6]
4 199 [7]
8 464 [4]
10 479 [3]
2 659 [0]
14 712 [7]
10 230 [4]
10 699 [3]
28 110 [4]
4 963 [7]
38 589 [1]
27 202 [1]
13 847 [7]
5 30 [2]
0 407 [6]
8 29 [4]
4 802 [7]
16 712 [7]
10 732 [1]
8 32 [4]
14 681 [1]
26 673 [3]
9 945 [4]
14 980 [7]
4 854 [7]
4 385 [7]
4 72 [7]
51 581 [3]
13 260 [7]
4 248 [7]
14 790 [7]
2 671 [0]
16 161 [1]
8 22 [4]
0 837 [6]
8 171 [4]
0 471 [6]
69 907 [1]
0 762 [6]
0 591 [6]
0 107 [6]
14 162 [7]
0 897 [6]
4 251 [7]
0 813 [6]
5 326 [2]
4 81 [7]
27 258 [1]
8 41 [4]
16 760 [7]
4 400 [7]
114 551 [1]
5 124 [2]
69 511 [1]
4 673 [7]
16 859 [7]
4 348 [7]
4 772 [7]
4 921 [7]
4 741 [7]
6 366 [6]
4 49 [7]
51 523 [3]
10 40 [1]
4 269 [7]
13 270 [7]
69 452 [1]
4 519 [7]
28 886 [6]
4 680 [7]
10 137 [1]
4 263 [7]
4 615 [7]
2 822 [0]
4 412 [7]
38 439 [1]
16 861 [4]
56 538 [6]
2 683 [0]
8 799 [4]
10 515 [3]
4 920 [7]
2 87 [0]
8 429 [4]
8 16 [2]
4 21 [7]
2 56 [0]
69 874 [1]
2 845 [0]
69 275 [1]
4 788 [7]
8 676 [4]
16 227 [1]
2 873 [0]
69 780 [1]
0 117 [2]
4 408 [7]
0 714 [6]
13 143 [1]
10 385 [4]
10 781 [1]
16 902 [7]
69 494 [1]
9 121 [2]
147 698 [5]
6 966 [6]
10 967 [2]
69 226 [1]
10 986 [3]
9 376 [2]
51 297 [3]
9 573 [4]
8 17 [2]
50 445 [4]
14 236 [7]
12 141 [1]
16 508 [7]
69 185 [1]
45 318 [3]
16 491 [7]
10 27 [3]
114 337 [1]
48 368 [5]
45 839 [3]
50 791 [7]
80 153 [3]
100 634 [3]
9 446 [2]
86 768 [5]
22 44 [6]
22 991 [6]
8 454 [4]
49 850 [1]
8 77 [4]
8 926 [4]
8 620 [4]
8 326 [4]
2 655 [0]
2 737 [0]
2 108 [0]
2 503 [0]
2 750 [0]
2 864 [0]
13 155 [7]
27 399 [1]
2 358 [0]
2 980 [0]
8 28 [2]
10 985 [4]
9 422 [4]
6 707 [6]
33 811 [0]
51 309 [0]
5 77 [2]
8 108 [2]
0 597 [2]
56 830 [6]
51 117 [3]
9 96 [2]
10 740 [2]
50 273 [4]
56 265 [6]
0 908 [2]
8 129 [2]
10 539 [4]
0 759 [2]
16 472 [7]
12 463 [4]
0 718 [2]
56 827 [6]
10 528 [3]
0 523 [2]
79 291 [3]
50 325 [1]
14 950 [7]
33 501 [0]
86 925 [5]
8 59 [2]
0 581 [2]
0 297 [2]
28 598 [6]
13 314 [7]
13 103 [7]
50 321 [4]
27 933 [1]
26 408 [3]
49 800 [1]
50 654 [7]
2 977 [0]
2 398 [0]
2 535 [0]
2 420 [0]
2 890 [0]
2 225 [0]
2 702 [0]
2 131 [0]
2 110 [0]
2 508 [0]
8 476 [4]
69 132 [1]
2 472 [0]
8 103 [2]
2 236 [0]
22 729 [6]
11 114 [4]
2 790 [0]
9 130 [2]
2 640 [0]
8 323 [4]
2 38 [0]
50 167 [5]
50 104 [7]
2 974 [0]
2 859 [0]
2 272 [0]
2 343 [0]
2 939 [0]
2 760 [0]
2 724 [0]
2 329 [0]
2 129 [0]
2 491 [0]
2 865 [0]
2 902 [0]
2 950 [0]
2 409 [0]
2 712 [0]
8 87 [2]
56 810 [6]
13 76 [7]
70 717 [1]
12 121 [4]
14 239 [4]
13 654 [7]
2 354 [0]
13 176 [7]
51 517 [0]
8 35 [2]
10 659 [3]
51 107 [1]
9 166 [2]
13 574 [1]
95 954 [1]
89 954 [1]
9 72 [4]
6 363 [6]
13 776 [7]
13 261 [7]
51 694 [3]
13 394 [7]
13 467 [7]
13 299 [7]
13 976 [7]
10 845 [3]
51 811 [0]
10 873 [3]
86 716 [5]
56 724 [1]
13 344 [7]
8 637 [4]
27 683 [1]
13 595 [7]
51 173 [0]
51 943 [0]
43 400 [3]
13 313 [7]
28 56 [4]
10 822 [3]
9 833 [4]
8 76 [2]
13 298 [7]
21 263 [3]
9 904 [2]
13 835 [7]
9 61 [4]
51 322 [0]
13 885 [7]
79 634 [3]
13 544 [7]
49 770 [1]
16 600 [6]
27 659 [3]
13 167 [7]
13 187 [7]
50 768 [4]
13 785 [7]
22 97 [3]
80 144 [3]
50 314 [7]
22 599 [6]
10 683 [3]
56 518 [6]
69 73 [1]
50 313 [5]
22 838 [3]
8 280 [4]
10 616 [2]
13 389 [7]
14 977 [7]
8 904 [2]
64 91 [7]
147 670 [5]
114 871 [1]
13 210 [7]
13 217 [7]
9 673 [4]
21 134 [3]
21 69 [3]
21 916 [3]
50 948 [1]
9 81 [4]
8 56 [2]
5 8 [3]
21 156 [3]
27 822 [1]
50 293 [4]
9 59 [2]
22 610 [6]
16 311 [4]
27 528 [3]
9 802 [4]
22 424 [6]
80 820 [3]
9 134 [4]
79 731 [3]
22 387 [3]
9 68 [4]
21 68 [3]
21 414 [3]
80 731 [3]
9 675 [4]
9 49 [4]
11 266 [4]
9 684 [2]
16 409 [7]
21 722 [3]
21 49 [3]
5 620 [2]
79 375 [3]
6 48 [6]
50 467 [5]
49 218 [1]
8 96 [2]
56 971 [6]
92 387 [1]
80 114 [4]
100 291 [3]
70 946 [1]
9 70 [4]
10 63 [1]
21 310 [3]
9 199 [4]
38 542 [1]
21 569 [3]
12 866 [6]
9 569 [4]
21 850 [3]
9 917 [4]
22 516 [6]
21 72 [3]
27 737 [1]
56 702 [1]
27 655 [1]
21 438 [3]
9 438 [4]
9 741 [4]
28 752 [3]
16 75 [1]
50 155 [7]
50 925 [4]
27 845 [1]
6 255 [6]
9 156 [4]
50 941 [1]
9 482 [4]
22 999 [6]
2 205 [0]
10 503 [3]
9 770 [4]
21 302 [3]
21 596 [3]
21 802 [3]
5 274 [2]
8 198 [2]
50 716 [4]
92 838 [1]
9 310 [4]
9 218 [4]
21 917 [3]
89 801 [1]
9 519 [4]
22 602 [6]
9 800 [4]
12 277 [7]
21 788 [4]
21 199 [3]
8 776 [2]
10 406 [4]
26 921 [5]
13 50 [7]
27 873 [1]
21 482 [3]
10 953 [2]
9 302 [4]
21 160 [3]
86 584 [5]
36 317 [4]
27 503 [1]
9 414 [4]
9 596 [4]
69 717 [1]
21 519 [3]
9 263 [4]
9 160 [4]
9 348 [4]
8 53 [2]
38 993 [1]
51 448 [3]
21 362 [3]
50 158 [1]
21 395 [3]
21 115 [3]
69 765 [1]
26 772 [4]
9 115 [4]
16 567 [4]
21 348 [3]
21 218 [3]
21 61 [3]
14 450 [6]
69 582 [1]
21 81 [3]
70 668 [1]
90 342 [5]
27 693 [3]
2 965 [0]
26 741 [5]
21 921 [3]
8 189 [2]
16 170 [6]
80 988 [3]
27 979 [3]
147 766 [5]
80 468 [4]
79 825 [4]
10 715 [1]
16 598 [1]
2 4 [1]
5 453 [2]
50 139 [1]
10 251 [4]
10 851 [2]
22 814 [3]
13 959 [4]
13 353 [1]
64 627 [7]
8 595 [2]
79 144 [3]
13 568 [1]
8 930 [2]
27 377 [3]
129 420 [6]
49 160 [1]
50 270 [7]
50 742 [1]
8 131 [2]
13 739 [4]
16 343 [7]
21 400 [3]
10 233 [6]
8 82 [2]
50 976 [5]
4 6 [1]
25 443 [6]
86 293 [5]
9 69 [4]
79 153 [3]
27 207 [7]
8 667 [2]
27 864 [4]
9 474 [4]
21 412 [3]
28 726 [3]
13 142 [1]
21 251 [7]
13 157 [6]
22 990 [3]
80 888 [3]
13 378 [4]
10 819 [2]
8 699 [2]
27 986 [3]
9 17 [2]
38 933 [1]
12 841 [2]
13 63 [1]
27 38 [4]
11 650 [4]
80 634 [3]
92 223 [1]
13 24 [6]
21 741 [3]
56 589 [6]
114 669 [1]
93 837 [1]
13 877 [1]
5 799 [2]
27 542 [1]
16 329 [7]
10 655 [3]
22 223 [3]
6 216 [6]
51 934 [3]
21 269 [3]
13 891 [4]
27 390 [3]
20 710 [6]
38 491 [4]
51 844 [3]
27 998 [1]
9 14 [2]
141 645 [7]
2 370 [0]
93 762 [1]
100 988 [3]
22 580 [3]
10 239 [1]
14 27 [3]
27 865 [4]
12 740 [1]
14 981 [6]
10 378 [1]
56 439 [6]
21 408 [3]
8 621 [2]
16 614 [4]
43 408 [4]
14 876 [7]
80 291 [3]
27 977 [4]
21 932 [3]
28 431 [3]
27 358 [4]
12 215 [3]
13 715 [4]
45 141 [3]
10 13 [1]
26 81 [5]
13 271 [4]
27 758 [7]
27 724 [4]
343 760 [6]
27 162 [4]
43 772 [4]
48 592 [5]
227 594 [0]
13 606 [6]
50 614 [4]
14 386 [6]
13 360 [6]
9 16 [2]
6 782 [6]
4 7 [1]
27 431 [3]
8 225 [2]
14 406 [4]
13 416 [6]
27 515 [3]
99 940 [0]
9 879 [2]
13 901 [6]
8 835 [2]
13 239 [4]
8 256 [2]
13 306 [6]
16 272 [7]
8 394 [2]
14 561 [3]
50 594 [4]
38 399 [1]
10 383 [6]
13 808 [4]
10 737 [3]
69 747 [3]
13 625 [1]
16 319 [1]
8 135 [2]
12 101 [1]
13 406 [4]
93 897 [1]
8 885 [2]
21 985 [1]
12 106 [1]
12 338 [6]
21 772 [4]
112 496 [1]
25 364 [6]
92 496 [1]
317 789 [1]
27 535 [4]
8 561 [2]
90 951 [5]
10 684 [2]
13 40 [1]
48 342 [2]
89 949 [1]
13 355 [6]
21 673 [3]
49 134 [1]
8 785 [2]
56 998 [6]
27 236 [4]
16 742 [4]
64 893 [7]
10 157 [1]
8 86 [2]
38 902 [4]
27 939 [4]
13 630 [1]
56 542 [6]
12 119 [1]
12 165 [1]
2 186 [0]
8 493 [2]
2 136 [0]
8 950 [2]
8 139 [2]
8 535 [2]
38 760 [4]
8 205 [2]
14 671 [7]
8 998 [2]
27 643 [2]
79 779 [5]
8 544 [2]
14 901 [4]
13 170 [1]
8 321 [2]
9 953 [2]
8 978 [2]
23 291 [2]
8 980 [2]
8 876 [2]
8 679 [2]
8 176 [2]
22 222 [3]
8 752 [2]
22 787 [6]
8 567 [2]
8 325 [2]
8 399 [2]
14 306 [6]
29 914 [3]
147 592 [5]
5 138 [2]
8 187 [2]
8 864 [2]
8 358 [2]
14 378 [4]
8 845 [2]
16 974 [7]
23 731 [2]
100 820 [3]
2 538 [0]
2 589 [0]
109 411 [7]
8 354 [2]
8 217 [2]
8 538 [2]
8 227 [2]
8 298 [2]
8 264 [2]
14 574 [4]
8 50 [2]
6 651 [6]
8 272 [2]
8 556 [2]
8 64 [2]
16 594 [1]
8 202 [2]
8 939 [2]
9 462 [4]
8 491 [2]
12 118 [1]
22 520 [3]
8 293 [2]
8 737 [2]
23 634 [2]
8 588 [2]
8 409 [2]
22 415 [5]
8 265 [2]
8 893 [2]
12 376 [1]
8 622 [2]
8 822 [2]
22 74 [3]
12 109 [1]
8 941 [2]
8 566 [2]
8 370 [2]
8 431 [2]
8 726 [2]
22 330 [3]
2 169 [0]
8 389 [2]
75 533 [5]
8 546 [2]
8 258 [2]
8 890 [2]
2 536 [0]
12 635 [1]
8 806 [2]
8 243 [2]
8 791 [2]
5 213 [2]
26 400 [5]
8 935 [2]
8 123 [2]
56 993 [6]
8 472 [2]
8 971 [2]
13 700 [1]
8 832 [2]
27 479 [3]
21 397 [2]
14 699 [3]
2 810 [0]
22 351 [5]
8 830 [2]
1 3 [2]
10 214 [6]
75 566 [5]
8 229 [2]
27 726 [3]
22 181 [3]
14 575 [3]
8 390 [2]
8 329 [2]
22 644 [5]
8 128 [2]
9 631 [4]
8 614 [2]
112 580 [1]
8 654 [2]
8 589 [2]
8 236 [2]
8 979 [2]
27 110 [4]
75 139 [5]
8 873 [2]
8 547 [2]
8 865 [2]
8 75 [2]
8 273 [2]
8 571 [2]
22 678 [6]
8 481 [2]
8 428 [2]
12 638 [6]
10 307 [4]
10 864 [3]
43 680 [5]
8 169 [2]
12 995 [1]
8 742 [2]
8 508 [2]
16 372 [1]
38 890 [2]
8 311 [2]
2 439 [0]
75 158 [5]
50 622 [7]
2 971 [0]
8 643 [2]
8 640 [2]
8 515 [2]
8 790 [2]
8 693 [2]
8 750 [2]
75 685 [5]
38 508 [4]
8 723 [2]
8 319 [2]
12 605 [1]
8 136 [2]
10 166 [2]
12 583 [1]
21 854 [1]
8 760 [2]
8 279 [2]
50 847 [7]
8 594 [2]
14 702 [7]
14 590 [4]
8 479 [2]
8 974 [2]
8 439 [2]
2 830 [0]
8 655 [2]
8 305 [2]
8 528 [2]
114 650 [1]
8 343 [2]
14 143 [6]
8 155 [2]
75 229 [5]
27 623 [7]
238 443 [1]
8 207 [2]
2 827 [0]
8 886 [2]
69 286 [3]
8 902 [2]
22 433 [3]
75 941 [5]
22 657 [3]
22 92 [3]
22 996 [3]
8 104 [2]
29 326 [5]
14 157 [4]
8 751 [2]
12 688 [1]
8 146 [2]
8 623 [2]
25 235 [1]
8 167 [2]
49 916 [1]
8 27 [2]
8 10 [0]
100 735 [3]
8 133 [2]
5 676 [2]
8 365 [2]
8 755 [2]
8 186 [2]
14 667 [3]
22 247 [3]
12 918 [1]
8 377 [2]
8 861 [2]
13 666 [1]
8 585 [2]
8 518 [2]
27 439 [1]
50 372 [1]
8 993 [2]
233 975 [1]
8 477 [2]
6 8 [4]
8 210 [2]
8 533 [2]
112 223 [1]
8 696 [2]
8 261 [2]
8 542 [2]
5 70 [2]
8 98 [2]
25 745 [6]
8 38 [2]
2 518 [0]
9 345 [4]
10 570 [6]
8 420 [2]
9 276 [4]
21 831 [1]
90 658 [5]
12 664 [1]
8 758 [2]
93 813 [1]
8 598 [2]
8 110 [2]
22 686 [3]
8 584 [2]
16 63 [6]
22 812 [5]
8 161 [2]
8 536 [2]
8 712 [2]
122 346 [0]
2 133 [0]
8 633 [2]
22 460 [5]
8 372 [2]
8 767 [2]
75 622 [7]
8 299 [2]
56 358 [1]
8 314 [2]
8 158 [2]
8 952 [2]
13 681 [1]
8 882 [2]
8 981 [2]
8 445 [2]
8 572 [2]
8 116 [2]
13 600 [1]
38 258 [1]
13 732 [1]
8 716 [2]
8 810 [2]
50 567 [1]
8 724 [2]
22 878 [6]
22 112 [3]
2 265 [0]
8 102 [2]
8 565 [2]
21 250 [1]
21 285 [3]
8 162 [2]
75 948 [5]
8 859 [2]
8 768 [2]
12 576 [1]
8 702 [2]
2 767 [0]
27 428 [3]
8 503 [2]
8 627 [2]
8 611 [2]
14 606 [4]
21 248 [1]
53 726 [1]
50 521 [7]
27 146 [3]
5 717 [2]
22 201 [5]
38 640 [5]
70 747 [1]
5 434 [2]
29 657 [3]
64 776 [5]
25 973 [6]
12 719 [1]
27 903 [6]
5 931 [2]
48 766 [5]
36 711 [4]
27 621 [2]
38 790 [1]
14 355 [4]
38 329 [4]
5 345 [2]
141 957 [7]
9 13 [2]
16 40 [6]
79 816 [5]
50 493 [4]
16 53 [7]
50 935 [7]
36 384 [2]
181 990 [1]
43 269 [4]
100 282 [3]
350 697 [1]
51 774 [3]
13 531 [1]
69 931 [3]
21 465 [1]
90 368 [5]
5 647 [2]
29 460 [3]
14 938 [4]
27 732 [6]
13 290 [1]
10 141 [6]
38 974 [5]
13 478 [1]
5 582 [2]
14 449 [3]
100 692 [3]
50 279 [4]
36 466 [4]
113 924 [4]
147 317 [5]
9 616 [2]
10 38 [3]
5 747 [2]
14 360 [4]
12 852 [1]
16 877 [6]
9 931 [4]
14 416 [4]
38 343 [4]
5 316 [2]
50 319 [1]
12 413 [1]
12 775 [1]
27 589 [1]
5 286 [2]
36 159 [4]
27 290 [6]
141 744 [1]
43 465 [1]
13 524 [1]
22 39 [3]
9 936 [4]
35 683 [1]
16 142 [6]
12 553 [1]
6 200 [6]
38 859 [4]
38 712 [4]
5 765 [2]
9 647 [4]
25 208 [1]
90 509 [5]
45 866 [4]
5 276 [2]
25 987 [6]
5 936 [2]
50 227 [4]
5 946 [2]
43 412 [4]
38 571 [5]
22 85 [6]
227 372 [0]
38 887 [5]
14 724 [7]
49 395 [1]
203 680 [5]
38 225 [2]
25 287 [6]
5 171 [2]
102 742 [5]
14 603 [4]
10 130 [2]
29 77 [5]
14 757 [1]
27 128 [4]
14 781 [4]
12 910 [1]
5 631 [2]
16 35 [7]
50 311 [4]
12 972 [1]
147 944 [5]
112 990 [1]
109 839 [7]
90 502 [5]
5 668 [2]
38 202 [1]
16 640 [7]
12 937 [1]
5 462 [2]
14 869 [4]
90 253 [5]
317 691 [1]
79 846 [5]
27 752 [3]
75 293 [5]
22 914 [3]
79 522 [6]
21 385 [7]
36 219 [4]
14 877 [6]
25 984 [6]
9 132 [4]
16 568 [6]
10 680 [4]
38 272 [5]
22 197 [5]
75 319 [1]
12 78 [0]
27 186 [4]
22 926 [5]
22 648 [6]
14 24 [6]
16 832 [4]
109 334 [0]
27 971 [1]
15 499 [3]
22 231 [6]
22 629 [6]
50 547 [7]
14 142 [4]
343 859 [4]
27 189 [7]
141 469 [1]
50 477 [7]
14 40 [4]
9 717 [4]
14 939 [7]
10 56 [3]
80 735 [5]
50 861 [4]
76 600 [0]
27 135 [4]
22 220 [6]
100 551 [3]
203 412 [5]
9 494 [4]
16 925 [4]
75 279 [1]
0 380 [7]
9 765 [4]
27 630 [6]
16 28 [7]
50 481 [7]
48 789 [2]
9 780 [4]
56 571 [5]
10 109 [6]
22 323 [1]
16 887 [7]
50 161 [4]
48 756 [5]
100 846 [3]
43 250 [3]
137 889 [3]
12 332 [6]
80 282 [5]
9 946 [4]
56 225 [5]
9 907 [4]
14 568 [4]
22 495 [6]
181 580 [1]
80 692 [5]
147 502 [5]
43 932 [4]
203 788 [5]
10 43 [4]
9 185 [4]
29 351 [3]
27 681 [6]
15 963 [3]
16 139 [1]
100 779 [3]
56 887 [4]
14 256 [7]
36 440 [2]
100 190 [3]
38 131 [2]
9 452 [4]
75 311 [1]
9 226 [4]
15 983 [3]
14 305 [7]
36 658 [5]
22 537 [6]
203 932 [5]
9 359 [4]
56 890 [5]
5 41 [2]
203 269 [5]
15 615 [3]
317 677 [1]
12 178 [6]
141 784 [3]
22 836 [6]
90 670 [5]
38 169 [1]
12 284 [1]
22 761 [6]
38 186 [1]
27 170 [6]
20 58 [2]
203 285 [3]
14 63 [6]
15 920 [3]
384 691 [1]
79 818 [4]
9 447 [2]
356 828 [0]
64 477 [7]
90 592 [5]
173 609 [3]
25 393 [7]
22 209 [6]
22 557 [6]
45 937 [6]
22 734 [6]
9 668 [4]
49 362 [1]
79 669 [4]
14 257 [3]
238 364 [1]
14 531 [1]
50 262 [7]
12 505 [4]
22 663 [6]
29 415 [3]
11 816 [2]
9 582 [4]
16 82 [7]
128 585 [7]
79 871 [4]
22 704 [6]
14 135 [7]
64 176 [5]
29 678 [3]
64 210 [5]
9 73 [4]
5 899 [2]
16 531 [4]
16 478 [4]
21 242 [7]
9 511 [4]
79 190 [5]
90 766 [5]
43 831 [4]
79 392 [6]
64 187 [5]
10 777 [6]
64 544 [5]
233 809 [1]
64 217 [5]
9 740 [2]
38 980 [1]
263 722 [1]
75 584 [5]
43 251 [4]
9 747 [4]
14 732 [4]
22 66 [6]
227 319 [0]
22 211 [6]
10 710 [6]
64 595 [5]
128 892 [0]
22 373 [6]
38 129 [7]
14 903 [4]
34 484 [7]
6 756 [6]
25 884 [1]
22 289 [6]
36 147 [4]
203 251 [5]
13 757 [1]
22 853 [6]
10 45 [5]
20 383 [6]
79 188 [6]
64 298 [5]
147 278 [2]
75 567 [1]
69 647 [3]
50 204 [7]
350 913 [1]
6 634 [6]
176 885 [4]
28 133 [6]
256 565 [0]
109 744 [3]
56 329 [4]
38 806 [1]
6 779 [6]
79 650 [4]
109 626 [3]
22 637 [5]
181 996 [1]
56 640 [4]
15 183 [3]
6 291 [6]
48 778 [5]
407 813 [1]
233 794 [2]
6 114 [6]
6 551 [6]
64 264 [7]
15 292 [3]
83 875 [4]
100 357 [6]
15 619 [3]
84 331 [2]
179 905 [0]
76 625 [0]
90 711 [6]
45 334 [2]
75 716 [5]
33 897 [4]
11 988 [2]
28 146 [1]
135 882 [4]
83 995 [4]
5 862 [2]
124 492 [4]
33 407 [4]
9 275 [4]
9 709 [4]
9 150 [4]
69 462 [3]
0 922 [2]
27 354 [1]
27 767 [4]
14 205 [7]
28 189 [5]
140 564 [3]
14 370 [7]
12 649 [4]
38 950 [1]
6 888 [6]
16 768 [4]
36 677 [2]
9 874 [4]
64 935 [7]
15 232 [1]
100 895 [4]
50 893 [7]
22 476 [5]
56 131 [2]
27 82 [2]
38 136 [1]
76 630 [5]
6 147 [6]
6 190 [6]
233 858 [1]
109 975 [1]
29 926 [3]
5 72 [2]
38 832 [1]
105 843 [4]
179 764 [3]
6 778 [6]
64 755 [7]
22 280 [5]
70 434 [3]
38 243 [1]
22 620 [5]
18 296 [6]
103 681 [0]
11 846 [2]
79 834 [4]
16 621 [7]
98 493 [7]
98 319 [5]
9 490 [2]
6 692 [6]
9 425 [4]
70 582 [1]
147 241 [2]
10 688 [2]
38 882 [1]
33 714 [4]
38 723 [1]
9 369 [4]
42 557 [1]
33 591 [4]
233 645 [2]
141 626 [1]
50 123 [4]
6 682 [6]
109 880 [7]
10 463 [2]
141 794 [3]
43 285 [3]
33 813 [4]
87 640 [4]
14 198 [3]
5 61 [2]
28 623 [3]
11 820 [2]
38 977 [1]
36 510 [5]
10 215 [2]
9 875 [2]
80 190 [5]
28 207 [3]
109 437 [3]
14 133 [7]
48 670 [5]
49 263 [7]
9 817 [4]
43 248 [1]
100 871 [3]
10 332 [6]
100 392 [4]
10 866 [6]
9 967 [2]
36 90 [6]
56 258 [6]
6 375 [6]
203 250 [3]
103 630 [5]
109 809 [3]
38 952 [1]
344 681 [5]
9 815 [4]
6 337 [6]
109 858 [3]
9 312 [4]
79 357 [6]
227 567 [0]
38 236 [1]
56 272 [4]
22 529 [5]
219 489 [5]
42 853 [1]
49 675 [1]
109 469 [3]
10 87 [3]
21 230 [6]
15 52 [5]
28 758 [3]
16 571 [7]
32 464 [3]
272 712 [6]
109 989 [3]
33 471 [4]
9 923 [4]
61 414 [6]
38 162 [1]
152 646 [2]
56 974 [4]
61 482 [1]
5 32 [2]
6 816 [6]
233 784 [1]
9 294 [4]
109 318 [5]
11 190 [2]
128 556 [7]
0 475 [2]
48 691 [2]
25 743 [7]
6 172 [6]
135 572 [0]
256 882 [4]
16 681 [4]
36 245 [6]
64 365 [7]
10 583 [2]
141 441 [7]
14 556 [7]
109 427 [7]
9 419 [4]
16 189 [7]
34 470 [7]
75 227 [1]
100 669 [3]
0 2 [1]
38 767 [1]
98 279 [5]
16 835 [4]
100 266 [3]
6 731 [6]
14 965 [7]
9 848 [2]
76 666 [4]
12 240 [6]
10 338 [6]
64 976 [5]
100 650 [3]
79 267 [6]
48 147 [4]
16 952 [4]
38 398 [0]
10 808 [4]
6 153 [6]
38 679 [1]
11 282 [2]
42 537 [1]
100 337 [3]
45 411 [2]
403 919 [6]
45 775 [6]
6 144 [6]
232 868 [5]
6 36 [6]
6 282 [6]
6 846 [6]
9 195 [4]
50 751 [7]
107 844 [6]
79 682 [4]
38 865 [1]
29 537 [3]
48 159 [2]
27 757 [6]
79 266 [4]
100 522 [4]
29 231 [3]
22 41 [4]
272 491 [6]
128 243 [0]
112 330 [7]
87 887 [4]
361 774 [3]
42 665 [5]
109 794 [7]
29 211 [3]
14 76 [1]
29 919 [3]
16 56 [7]
28 82 [7]
24 574 [1]
76 524 [4]
10 841 [2]
49 302 [2]
75 116 [1]
83 130 [3]
38 535 [1]
49 310 [1]
29 209 [3]
135 696 [0]
83 848 [4]
83 635 [4]
109 803 [7]
5 292 [2]
22 171 [5]
33 653 [4]
147 368 [5]
61 348 [6]
27 830 [1]
36 691 [2]
0 487 [1]
38 358 [1]
49 199 [4]
36 339 [6]
98 161 [5]
20 335 [6]
48 466 [2]
14 611 [7]
50 175 [7]
29 464 [3]
56 202 [6]
109 746 [1]
76 681 [0]
20 605 [6]
21 203 [7]
147 956 [5]
233 427 [7]
44 753 [3]
10 20 [5]
22 454 [5]
105 301 [4]
79 421 [4]
216 604 [3]
79 172 [4]
50 116 [4]
29 495 [3]
83 967 [4]
29 85 [3]
49 156 [1]
199 722 [1]
75 123 [1]
29 295 [3]
107 774 [0]
34 884 [1]
112 996 [2]
27 478 [6]
83 576 [4]
101 688 [4]
2 5 [0]
427 803 [3]
6 466 [6]
356 507 [0]
129 760 [6]
109 957 [7]
149 826 [6]
29 66 [3]
139 229 [0]
18 868 [5]
48 677 [2]
480 905 [1]
76 757 [4]
103 625 [0]
27 810 [1]
272 859 [6]
29 836 [3]
16 344 [1]
179 507 [0]
148 401 [2]
18 300 [3]
18 504 [4]
48 219 [2]
325 791 [4]
32 323 [1]
141 427 [7]
83 740 [4]
32 429 [6]
32 926 [3]
29 663 [3]
85 761 [5]
109 805 [1]
24 606 [1]
216 796 [3]
119 349 [3]
34 149 [7]
76 426 [4]
24 360 [3]
64 622 [7]
113 540 [5]
6 578 [6]
525 913 [1]
12 349 [6]
233 989 [2]
29 734 [3]
29 244 [3]
50 102 [4]
128 305 [2]
107 829 [6]
10 942 [4]
75 161 [1]
87 131 [2]
227 614 [5]
29 856 [3]
179 769 [0]
9 576 [2]
49 596 [2]
22 676 [5]
16 524 [4]
111 849 [7]
29 381 [3]
16 264 [1]
29 154 [3]
6 384 [6]
14 633 [7]
48 578 [5]
219 436 [5]
14 478 [1]
79 540 [4]
61 519 [1]
15 558 [5]
32 280 [1]
14 892 [7]
219 677 [5]
29 403 [3]
113 468 [3]
48 618 [6]
35 693 [1]
64 104 [7]
14 128 [7]
281 783 [1]
29 961 [3]
272 472 [6]
48 698 [5]
22 77 [5]
5 29 [2]
5 499 [2]
14 59 [3]
141 437 [3]
29 127 [3]
27 524 [6]
50 627 [7]
222 996 [1]
79 435 [4]
24 901 [1]
361 934 [6]
83 490 [4]
11 735 [7]
216 374 [4]
10 101 [2]
256 806 [4]
12 706 [2]
34 994 [7]
272 508 [6]
199 519 [1]
6 159 [6]
69 631 [3]
69 434 [3]
5 619 [2]
20 277 [6]
5 983 [2]
29 42 [3]
113 549 [3]
12 710 [6]
20 719 [6]
88 405 [5]
39 516 [6]
5 183 [2]
5 915 [2]
5 307 [2]
128 882 [0]
100 549 [4]
103 700 [4]
38 572 [1]
272 902 [6]
135 556 [0]
16 625 [4]
12 335 [6]
83 649 [4]
25 994 [7]
203 465 [5]
109 763 [1]
13 16 [2]
5 615 [2]
69 345 [3]
176 785 [4]
188 435 [3]
29 853 [3]
29 423 [3]
79 113 [2]
5 150 [2]
15 862 [3]
199 414 [0]
219 384 [5]
27 136 [4]
233 626 [1]
42 231 [1]
87 571 [4]
10 108 [3]
427 880 [2]
16 890 [7]
29 197 [3]
16 136 [4]
29 629 [3]
28 428 [1]
14 585 [7]
113 825 [4]
227 742 [5]
109 645 [7]
9 995 [2]
0 173 [2]
35 479 [1]
109 784 [7]
69 276 [2]
309 609 [3]
27 53 [2]
20 78 [7]
12 570 [6]
49 722 [2]
179 480 [3]
227 311 [0]
141 880 [3]
27 600 [6]
5 963 [2]
203 831 [5]
29 648 [3]
32 637 [3]
79 863 [4]
29 761 [3]
51 361 [3]
75 925 [5]
5 52 [2]
109 441 [7]
219 440 [5]
56 186 [6]
28 370 [6]
97 237 [7]
32 856 [6]
154 423 [2]
36 947 [6]
14 696 [7]
16 630 [4]
18 268 [2]
318 880 [1]
70 286 [1]
27 531 [6]
179 639 [3]
29 373 [3]
16 623 [7]
43 397 [4]
175 521 [0]
79 960 [4]
64 467 [5]
109 706 [1]
38 108 [0]
36 303 [6]
56 162 [1]
43 854 [1]
29 704 [3]
141 858 [1]
343 508 [4]
10 316 [4]
14 904 [3]
36 578 [5]
100 834 [4]
141 803 [3]
22 799 [5]
16 394 [4]
56 980 [1]
111 527 [7]
20 777 [4]
105 601 [7]
238 994 [4]
355 901 [5]
45 719 [1]
14 933 [7]
6 502 [6]
12 383 [6]
12 701 [2]
102 614 [7]
15 274 [3]
15 453 [3]
109 233 [2]
188 392 [4]
6 951 [6]
147 436 [5]
344 625 [5]
12 883 [4]
95 801 [3]
83 583 [1]
14 258 [7]
105 703 [6]
188 549 [5]
137 927 [5]
14 186 [7]
267 924 [5]
176 394 [4]
0 943 [4]
12 45 [2]
6 789 [6]
106 473 [3]
28 986 [1]
56 135 [6]
317 440 [6]
10 83 [2]
14 265 [7]
36 489 [2]
95 336 [3]
113 522 [4]
43 985 [1]
22 326 [5]
73 709 [2]
276 434 [0]
129 887 [1]
16 666 [4]
79 468 [4]
15 968 [3]
100 924 [4]
6 278 [6]
14 830 [7]
15 899 [3]
107 448 [6]
9 649 [2]
6 711 [6]
103 488 [4]
0 322 [2]
135 565 [0]
64 313 [5]
15 30 [3]
28 515 [1]
272 760 [6]
126 497 [3]
27 353 [6]
179 828 [0]
39 520 [0]
0 309 [2]
386 869 [7]
327 894 [3]
76 344 [7]
15 695 [3]
121 166 [6]
107 934 [6]
83 879 [3]
6 509 [6]
94 748 [3]
305 892 [0]
6 956 [6]
131 974 [1]
12 552 [4]
5 7 [1]
139 533 [4]
6 677 [6]
130 819 [4]
143 416 [1]
255 749 [3]
27 102 [6]
322 943 [6]
14 832 [7]
427 794 [3]
31 883 [3]
30 274 [5]
277 719 [2]
83 953 [3]
66 644 [2]
104 365 [5]
128 256 [6]
69 138 [4]
55 303 [4]
230 539 [1]
48 440 [2]
6 342 [6]
6 670 [6]
6 440 [6]
127 403 [5]
89 336 [4]
85 295 [5]
30 695 [4]
6 436 [6]
255 857 [4]
164 701 [4]
16 445 [4]
27 700 [6]
14 103 [1]
190 988 [7]
128 679 [0]
356 793 [0]
128 723 [0]
141 706 [1]
14 589 [7]
83 841 [3]
55 245 [6]
79 100 [7]
183 307 [7]
384 677 [1]
14 993 [7]
15 492 [3]
88 786 [0]
105 661 [7]
183 615 [4]
42 381 [1]
28 965 [6]
27 488 [6]
85 720 [5]
377 979 [1]
66 878 [0]
233 803 [1]
73 185 [4]
124 453 [5]
30 212 [4]
16 948 [1]
27 536 [1]
42 220 [1]
16 398 [7]
83 688 [3]
23 846 [2]
348 802 [2]
42 211 [1]
6 317 [6]
27 133 [1]
20 775 [6]
14 998 [7]
255 725 [3]
100 682 [5]
180 947 [4]
103 666 [0]
103 600 [0]
103 524 [0]
25 193 [2]
6 489 [6]
82 643 [3]
137 705 [3]
347 617 [3]
158 685 [4]
56 169 [6]
14 399 [7]
10 21 [4]
175 262 [0]
43 539 [1]
36 436 [2]
344 426 [7]
154 403 [4]
233 839 [7]
272 420 [6]
34 843 [0]
25 301 [0]
256 723 [4]
100 421 [5]
6 691 [6]
35 979 [1]
27 671 [6]
98 227 [5]
15 137 [5]
76 488 [4]
36 778 [5]
34 391 [1]
197 678 [0]
106 165 [6]
23 100 [2]
42 209 [6]
35 377 [1]
12 898 [2]
774 844 [3]
102 311 [7]
101 446 [0]
267 834 [7]
183 963 [4]
173 322 [0]
18 968 [3]
14 971 [7]
113 818 [3]
344 630 [5]
35 428 [1]
327 660 [5]
137 942 [4]
50 98 [4]
6 219 [6]
80 816 [5]
38 565 [1]
22 32 [1]
151 641 [2]
6 241 [6]
152 912 [2]
83 121 [3]
44 928 [3]
357 895 [7]
48 180 [6]
80 172 [5]
276 931 [1]
83 376 [0]
20 240 [6]
276 462 [1]
14 426 [1]
121 851 [4]
247 996 [1]
42 495 [1]
121 848 [1]
292 983 [4]
126 860 [5]
229 685 [1]
30 862 [4]
48 241 [2]
10 18 [4]
6 510 [6]
38 696 [1]
27 965 [1]
42 244 [1]
16 965 [1]
295 562 [6]
14 17 [3]
276 936 [1]
45 763 [2]
88 512 [0]
12 807 [4]
100 435 [5]
6 253 [6]
358 865 [7]
6 368 [6]
23 80 [2]
14 518 [7]
318 803 [1]
100 825 [4]
39 433 [6]
45 214 [2]
35 207 [1]
318 794 [1]
10 875 [4]
281 786 [1]
0 690 [1]
74 534 [0]
27 952 [4]
90 159 [6]
16 225 [7]
158 566 [1]
20 570 [4]
309 517 [6]
25 470 [7]
107 380 [6]
100 267 [6]
540 960 [2]
128 572 [0]
104 622 [1]
14 598 [7]
119 335 [4]
14 202 [7]
238 743 [4]
42 295 [0]
15 213 [3]
183 499 [4]
11 80 [7]
88 532 [0]
113 960 [3]
39 145 [6]
137 558 [5]
38 892 [1]
10 920 [4]
10 772 [4]
10 183 [4]
141 809 [1]
281 587 [1]
141 989 [1]
121 684 [3]
0 379 [2]
276 647 [1]
6 698 [6]
14 542 [7]
122 512 [7]
75 102 [1]
43 385 [4]
94 928 [2]
32 77 [3]
35 431 [1]
179 417 [6]
281 624 [1]
27 611 [1]
25 391 [2]
28 876 [6]
14 588 [7]
33 288 [4]
27 370 [1]
344 600 [5]
53 873 [6]
107 694 [6]
53 621 [1]
113 357 [4]
12 875 [4]
42 704 [1]
148 958 [2]
23 863 [2]
605 910 [2]
48 253 [5]
20 349 [4]
356 905 [0]
49 115 [1]
190 888 [7]
174 259 [1]
14 700 [1]
30 899 [5]
39 900 [6]
199 482 [1]
128 565 [0]
84 208 [0]
151 555 [4]
34 184 [1]
16 205 [1]
16 169 [4]
88 587 [0]
48 303 [6]
6 90 [6]
6 944 [6]
183 983 [4]
281 532 [7]
100 818 [4]
44 632 [6]
18 705 [3]
5 230 [2]
5 385 [2]
5 22 [2]
5 920 [2]
5 242 [2]
43 242 [4]
203 397 [1]
5 203 [2]
16 785 [4]
86 546 [7]
39 352 [6]
83 463 [4]
295 821 [1]
113 863 [3]
343 902 [4]
34 193 [0]
325 978 [7]
15 942 [5]
98 116 [6]
14 536 [7]
276 631 [5]
18 927 [3]
83 616 [3]
14 952 [7]
27 588 [1]
199 348 [3]
403 961 [1]
21 43 [4]
106 804 [4]
38 305 [1]
353 700 [5]
15 340 [3]
203 385 [3]
87 790 [6]
36 789 [2]
75 321 [5]
344 666 [5]
25 184 [2]
14 886 [7]
154 562 [6]
104 935 [1]
5 26 [2]
350 548 [3]
28 822 [1]
49 72 [7]
27 633 [1]
14 243 [7]
15 316 [3]
16 87 [7]
102 861 [5]
15 124 [3]
227 493 [0]
19 95 [4]
147 466 [5]
61 263 [6]
18 404 [4]
18 558 [3]
272 409 [6]
14 827 [7]
38 556 [1]
255 458 [4]
128 806 [0]
5 43 [2]
98 861 [5]
129 859 [6]
438 917 [2]
38 702 [1]
14 538 [7]
30 340 [4]
20 332 [4]
12 83 [4]
48 510 [5]
12 763 [2]
10 398 [3]
16 758 [7]
102 567 [7]
38 585 [1]
10 15 [4]
18 721 [3]
32 326 [1]
27 426 [6]
24 603 [4]
27 35 [2]
16 108 [7]
97 527 [7]
106 178 [3]
154 821 [6]
36 618 [6]
75 264 [5]
16 103 [1]
20 119 [6]
88 206 [3]
105 287 [4]
75 273 [5]
88 577 [0]
35 82 [5]
233 469 [1]
38 87 [7]
27 344 [6]
88 281 [6]
0 517 [2]
203 248 [5]
28 479 [1]
129 980 [6]
232 970 [4]
34 743 [7]
5 569 [2]
74 541 [6]
263 596 [2]
480 940 [0]
50 86 [4]
14 810 [7]
9 635 [2]
42 648 [5]
105 730 [6]
15 404 [5]
137 906 [4]
50 91 [7]
75 325 [5]
200 782 [3]
88 624 [0]
75 98 [2]
147 951 [5]
181 814 [7]
32 529 [1]
135 305 [5]
56 767 [6]
159 711 [5]
12 867 [3]
295 423 [2]
199 802 [2]
6 658 [6]
16 716 [1]
44 550 [3]
151 823 [4]
20 638 [4]
267 818 [3]
28 845 [6]
18 232 [2]
79 888 [5]
50 595 [5]
5 923 [2]
15 212 [3]
14 439 [7]
53 189 [3]
343 420 [5]
263 519 [2]
82 758 [1]
10 968 [4]
15 721 [5]
148 912 [2]
137 721 [4]
167 467 [4]
11 642 [2]
185 874 [2]
597 908 [7]
189 643 [4]
11 172 [7]
357 392 [0]
87 129 [1]
157 406 [5]
424 602 [4]
132 185 [5]
367 982 [1]
302 438 [0]
91 262 [2]
181 247 [7]
284 530 [2]
39 838 [6]
27 547 [6]
400 408 [0]
16 654 [1]
260 607 [4]
10 12 [7]
11 749 [2]
195 312 [4]
389 835 [4]
39 999 [0]
140 506 [2]
334 411 [3]
233 411 [7]
102 161 [5]
97 333 [7]
11 458 [2]
100 114 [5]
36 593 [5]
26 43 [2]
57 62 [5]
383 710 [2]
185 452 [2]
39 496 [6]
304 745 [7]
292 619 [5]
201 644 [7]
142 568 [7]
311 567 [6]
255 707 [4]
374 604 [2]
332 638 [2]
818 895 [3]
216 366 [0]
97 849 [7]
11 188 [7]
11 773 [2]
39 97 [6]
202 933 [0]
94 753 [0]
39 387 [6]
23 754 [2]
79 114 [4]
11 337 [7]
23 662 [2]
27 204 [6]
525 708 [5]
119 473 [3]
355 360 [6]
23 825 [2]
176 210 [6]
99 417 [7]
107 727 [1]
11 669 [7]
281 512 [4]
410 992 [6]
17 904 [6]
219 241 [7]
832 952 [2]
19 525 [4]
129 890 [4]
100 172 [5]
341 485 [2]
327 497 [3]
39 223 [6]
558 906 [1]
16 667 [4]
716 925 [1]
188 267 [7]
202 399 [0]
912 958 [3]
401 958 [7]
111 347 [7]
25 105 [2]
357 522 [2]
12 530 [2]
128 135 [6]
107 194 [6]
39 729 [0]
23 816 [2]
158 533 [4]
395 916 [4]
97 396 [7]
581 597 [3]
238 745 [6]
36 857 [5]
11 796 [2]
25 656 [7]
355 606 [7]
327 432 [7]
431 726 [4]
16 270 [4]
11 586 [2]
34 973 [0]
87 398 [1]
97 145 [7]
11 872 [2]
458 749 [4]
322 609 [0]
11 37 [2]
16 325 [1]
31 552 [3]
133 965 [5]
233 744 [1]
204 521 [6]
661 703 [6]
503 737 [6]
11 857 [2]
480 793 [0]
23 779 [2]
36 651 [5]
23 669 [2]
74 520 [0]
23 421 [2]
173 379 [7]
171 799 [1]
232 889 [4]
672 840 [5]
23 522 [2]
16 909 [4]
27 785 [6]
605 937 [3]
111 140 [0]
44 94 [5]
16 260 [1]
27 299 [6]
532 786 [7]
164 554 [2]
173 811 [6]
36 773 [5]
109 141 [6]
11 36 [2]
87 865 [6]
11 46 [2]
11 216 [2]
157 739 [7]
97 929 [7]
429 464 [2]
536 611 [3]
221 754 [0]
317 384 [1]
36 48 [2]
80 100 [3]
16 76 [4]
117 523 [6]
94 550 [0]
57 174 [2]
23 650 [2]
421 540 [7]
334 839 [1]
258 399 [4]
190 692 [7]
31 867 [3]
230 385 [5]
20 45 [3]
143 450 [3]
19 89 [4]
25 843 [0]
148 283 [7]
145 929 [0]
102 123 [7]
16 155 [4]
70 276 [3]
131 890 [4]
39 424 [0]
61 72 [0]
174 754 [0]
5 6 [2]
28 35 [2]
180 245 [2]
137 268 [3]
101 463 [1]
266 669 [7]
178 335 [3]
324 656 [0]
39 610 [0]
103 353 [4]
241 944 [7]
735 988 [6]
397 985 [3]
245 618 [5]
516 999 [6]
166 851 [4]
464 856 [0]
94 632 [0]
341 457 [2]
366 374 [2]
87 108 [2]
28 354 [6]
85 154 [6]
54 192 [7]
558 889 [4]
399 933 [2]
211 231 [2]
36 200 [5]
78 277 [4]
250 932 [5]
11 255 [2]
491 902 [2]
39 74 [7]
16 847 [1]
318 411 [3]
36 707 [5]
45 277 [6]
16 314 [1]
397 539 [2]
68 115 [5]
130 851 [4]
291 634 [3]
84 884 [7]
39 182 [0]
39 991 [0]
267 392 [5]
627 751 [7]
401 912 [1]
124 340 [5]
103 426 [4]
305 585 [4]
97 999 [7]
16 299 [1]
16 595 [1]
97 140 [0]
166 819 [1]
229 566 [1]
417 639 [2]
412 788 [7]
313 976 [2]
427 441 [4]
36 782 [5]
330 990 [7]
469 858 [4]
40 142 [7]
565 572 [1]
53 82 [3]
385 539 [5]
16 204 [4]
259 662 [7]
42 154 [0]
129 225 [5]
23 337 [2]
122 281 [7]
325 546 [7]
16 481 [1]
16 210 [1]
421 435 [2]
327 613 [4]
294 367 [0]
762 837 [3]
12 554 [3]
50 64 [7]
335 349 [4]
294 359 [6]
175 204 [7]
233 334 [2]
47 554 [1]
582 765 [5]
11 363 [2]
497 894 [3]
55 180 [2]
296 705 [6]
3 5 [0]
410 608 [0]
212 695 [1]
27 925 [6]
710 777 [6]
378 406 [5]
130 684 [3]
164 505 [4]
100 113 [6]
265 598 [3]
23 79 [2]
131 225 [4]
27 227 [6]
691 789 [1]
198 449 [7]
0 455 [4]
184 884 [7]
23 357 [2]
149 703 [6]
188 924 [5]
100 540 [5]
27 86 [6]
302 569 [0]
424 610 [2]
552 918 [4]
155 654 [4]
462 936 [7]
353 488 [0]
319 594 [5]
190 735 [7]
11 779 [7]
16 755 [4]
82 377 [6]
11 551 [7]
88 122 [4]
152 283 [2]
36 216 [5]
186 399 [3]
114 172 [5]
143 590 [3]
186 933 [3]
27 50 [6]
326 454 [4]
34 235 [7]
45 605 [1]
343 491 [4]
478 757 [5]
343 472 [4]
25 304 [0]
38 56 [2]
333 929 [3]
147 219 [5]
284 969 [7]
122 577 [0]
47 505 [1]
12 997 [2]
83 215 [3]
41 676 [0]
106 777 [3]
31 997 [2]
16 449 [4]
167 976 [2]
192 612 [4]
279 493 [0]
36 55 [0]
10 980 [3]
173 309 [3]
475 922 [7]
423 821 [0]
137 296 [3]
248 831 [2]
16 442 [1]
112 222 [0]
188 357 [4]
213 899 [1]
403 423 [6]
439 589 [1]
25 601 [2]
60 88 [3]
361 727 [1]
64 607 [5]
557 720 [3]
36 255 [5]
393 994 [2]
114 266 [3]
16 518 [4]
442 909 [7]
272 343 [6]
14 353 [1]
342 956 [0]
186 202 [6]
410 674 [6]
23 871 [2]
145 352 [6]
263 414 [1]
533 685 [4]
141 318 [3]
377 693 [1]
68 156 [6]
83 101 [5]
528 683 [1]
641 823 [5]
27 394 [6]
127 295 [5]
605 852 [3]
232 296 [5]
474 833 [5]
605 775 [4]
309 322 [3]
733 855 [7]
91 204 [4]
738 982 [5]
601 730 [0]
297 581 [0]
280 323 [6]
36 363 [5]
80 650 [5]
12 967 [3]
533 566 [4]
330 580 [5]
100 188 [6]
148 152 [3]
508 760 [5]
36 966 [5]
403 562 [6]
32 171 [3]
310 675 [3]
578 778 [5]
201 787 [0]
27 595 [6]
293 584 [5]
0 501 [4]
82 189 [7]
80 682 [5]
99 191 [6]
16 607 [1]
530 807 [1]
356 480 [0]
34 287 [0]
114 682 [3]
221 560 [4]
672 855 [5]
363 966 [3]
3 4 [5]
0 811 [4]
51 288 [5]
442 607 [7]
385 397 [4]
258 933 [4]
103 344 [6]
386 590 [1]
36 458 [5]
357 825 [3]
433 534 [6]
444 652 [3]
230 985 [5]
11 725 [2]
23 468 [2]
48 55 [7]
540 863 [6]
131 571 [1]
477 481 [7]
149 661 [4]
889 970 [5]
132 226 [7]
135 256 [3]
386 603 [1]
27 261 [6]
45 413 [2]
16 830 [4]
66 201 [2]
157 378 [1]
56 243 [6]
273 321 [7]
180 303 [4]
109 214 [2]
477 547 [4]
278 944 [1]
618 947 [4]
552 867 [2]
186 998 [0]
644 787 [7]
645 784 [6]
141 233 [7]
7 9 [5]
287 843 [7]
290 732 [3]
101 583 [1]
35 53 [1]
42 127 [1]
196 486 [7]
347 506 [7]
152 513 [0]
222 247 [0]
16 776 [4]
426 488 [5]
222 686 [2]
295 403 [0]
565 679 [7]
11 113 [7]
112 181 [2]
384 440 [0]
450 603 [7]
122 405 [6]
73 369 [2]
27 584 [6]
84 391 [0]
283 401 [7]
77 476 [3]
240 349 [1]
16 467 [1]
102 227 [7]
775 937 [2]
621 643 [1]
427 957 [2]
305 556 [5]
318 334 [6]
27 103 [6]
810 830 [2]
84 184 [7]
679 806 [7]
388 456 [5]
36 180 [0]
56 723 [6]
127 154 [6]
524 666 [2]
383 570 [4]
265 538 [0]
9 10 [0]
655 737 [1]
525 548 [5]
704 836 [1]
6 7 [3]
225 890 [5]
340 695 [1]
14 16 [1]
1 2 [7]
76 103 [3]
264 755 [4]
405 964 [7]
191 736 [7]
483 727 [5]
288 653 [4]
136 767 [0]
45 78 [1]
43 203 [6]
58 228 [7]
198 257 [7]
206 405 [5]
266 650 [2]
33 51 [0]
227 279 [0]
75 86 [7]
20 937 [6]
236 950 [0]
481 547 [5]
122 206 [7]
561 981 [7]
226 494 [5]
147 159 [4]
12 20 [6]
619 915 [0]
37 315 [7]
393 743 [5]
372 594 [2]
313 467 [2]
59 904 [5]
268 300 [4]
552 997 [4]
517 943 [7]
31 118 [5]
221 259 [6]
259 560 [7]
275 817 [3]
655 864 [5]
356 417 [6]
16 298 [1]
248 465 [4]
22 29 [6]
478 531 [4]
145 333 [3]
23 267 [2]
522 825 [1]
8 9 [0]
69 70 [1]
818 834 [6]
2 3 [2]
11 23 [5]
528 659 [0]
252 513 [5]
143 306 [3]
197 201 [7]
461 505 [2]
51 93 [4]
253 658 [7]
548 708 [7]
244 381 [2]
66 197 [1]
737 864 [4]
108 398 [2]
263 348 [7]
49 61 [5]
268 296 [1]
14 344 [1]
257 449 [7]
337 551 [2]
36 725 [5]
409 472 [4]
16 521 [4]
189 621 [1]
611 633 [2]
319 372 [6]
19 65 [2]
432 497 [2]
179 356 [4]
391 884 [4]
183 292 [7]
192 382 [6]
32 41 [6]
178 240 [1]
241 278 [1]
202 258 [7]
196 444 [4]
16 187 [1]
411 839 [0]
16 17 [0]
290 903 [5]
27 28 [0]
793 940 [7]
616 967 [0]
296 300 [1]
571 887 [7]
17 59 [3]
18 137 [1]
607 909 [4]
79 80 [4]
117 297 [2]
342 951 [2]
452 780 [6]
15 18 [3]
4 5 [6]
282 692 [3]
143 603 [3]
363 707 [1]
454 476 [3]
834 895 [0]
556 892 [0]
684 851 [0]
115 310 [5]
61 199 [1]
187 210 [3]
7 8 [4]
121 953 [1]
130 166 [4]
195 815 [5]
21 26 [7]
134 160 [5]
29 32 [0]
166 684 [1]
507 769 [6]
25 34 [4]
297 523 [2]
98 102 [1]
10 571 [3]
23 62 [4]
233 318 [3]
276 345 [4]
325 445 [5]
89 95 [7]
56 832 [6]
272 329 [3]
204 262 [3]
92 112 [2]
532 624 [4]
56 572 [6]
354 750 [5]
99 480 [7]
97 617 [0]
23 960 [2]
324 689 [2]
117 608 [7]
35 655 [4]
89 328 [5]
240 335 [0]
82 693 [4]
322 379 [3]
19 801 [4]
257 575 [2]
39 222 [6]
441 957 [3]
42 629 [5]
58 246 [4]
68 160 [5]
238 304 [2]
27 776 [6]
585 892 [1]
292 307 [5]
94 249 [7]
47 125 [4]
99 563 [7]
41 171 [1]
16 864 [7]
74 433 [3]
213 316 [7]
56 87 [5]
87 724 [6]
433 520 [1]
341 410 [4]
129 272 [1]
34 254 [0]
287 301 [1]
845 873 [0]
176 187 [0]
172 682 [1]
371 543 [6]
11 153 [2]
42 85 [1]
536 588 [6]
215 463 [0]
735 820 [7]
559 870 [0]
471 591 [5]
469 626 [3]
154 295 [0]
190 282 [6]
951 956 [3]
34 84 [6]
16 389 [1]
77 326 [2]
24 143 [6]
822 845 [3]
659 683 [4]
98 768 [7]
255 363 [2]
33 117 [5]
113 421 [5]
16 96 [4]
298 544 [2]
474 545 [6]
543 628 [6]
126 881 [3]
770 800 [6]
28 205 [6]
437 744 [0]
24 306 [4]
247 686 [6]
230 242 [4]
703 730 [5]
219 278 [5]
243 952 [3]
734 836 [2]
763 805 [3]
229 533 [5]
358 535 [0]
45 106 [2]
28 503 [6]
28 864 [4]
741 921 [6]
203 230 [4]
73 132 [7]
407 591 [5]
379 609 [3]
605 719 [0]
107 361 [5]
164 461 [6]
719 775 [5]
444 486 [7]
113 188 [0]
382 612 [2]
0 1 [4]
595 776 [5]
91 175 [0]
140 347 [0]
347 498 [3]
502 509 [1]
521 847 [4]
463 688 [0]
667 930 [2]
432 860 [5]
647 931 [7]
649 995 [5]
396 599 [2]
479 515 [0]
80 266 [5]
596 722 [6]
345 631 [2]
122 532 [7]
208 331 [2]
570 777 [4]
215 583 [3]
25 331 [2]
530 687 [7]
367 738 [0]
100 863 [5]
299 389 [3]
453 492 [0]
485 608 [0]
486 652 [2]
184 391 [3]
538 886 [0]
185 226 [3]
85 127 [0]
159 466 [1]
867 918 [3]
542 998 [6]
178 777 [1]
450 590 [3]
729 991 [2]
177 191 [3]
267 357 [2]
199 596 [2]
740 967 [5]
364 443 [0]
151 164 [4]
174 221 [5]
277 775 [4]
613 881 [5]
13 14 [7]
211 220 [0]
465 831 [1]
601 661 [3]
245 303 [2]
36 756 [5]
144 153 [2]
549 924 [4]
237 527 [1]
16 544 [1]
93 288 [2]
774 829 [0]
704 734 [3]
185 494 [5]
689 824 [5]
348 482 [2]
141 214 [2]
826 984 [1]
43 230 [4]
826 987 [0]
121 130 [2]
686 996 [3]
560 662 [0]
715 808 [3]
260 442 [7]
386 450 [7]
480 764 [3]
140 498 [2]
27 76 [6]
280 926 [3]
593 773 [6]
407 471 [1]
603 938 [6]
105 984 [6]
16 59 [4]
803 880 [4]
436 489 [3]
95 328 [0]
553 664 [1]
27 716 [6]
352 900 [4]
495 663 [0]
232 268 [2]
794 803 [0]
143 386 [1]
16 167 [1]
586 642 [5]
378 739 [1]
101 215 [1]
53 822 [6]
672 733 [7]
104 755 [4]
23 549 [2]
137 232 [0]
0 955 [6]
208 235 [2]
40 568 [5]
733 840 [0]
503 655 [1]
323 926 [1]
661 730 [3]
295 919 [1]
86 98 [5]
497 860 [0]
212 340 [7]
291 731 [0]
171 676 [2]
794 880 [4]
500 672 [0]
126 327 [0]
299 835 [4]
17 575 [1]
152 252 [1]
117 922 [7]
158 229 [2]
410 457 [4]
409 420 [1]
677 789 [5]
230 854 [5]
282 735 [2]
115 156 [6]
106 119 [5]
23 188 [2]
30 124 [3]
626 858 [1]
346 911 [3]
679 723 [7]
39 112 [6]
97 111 [6]
614 742 [1]
499 963 [0]
725 749 [0]
16 176 [1]
223 496 [1]
809 989 [6]
344 524 [0]
473 804 [2]
16 262 [4]
588 611 [6]
186 258 [3]
97 516 [7]
582 747 [0]
889 906 [7]
592 766 [3]
200 651 [2]
258 993 [4]
17 449 [7]
359 738 [5]
243 832 [5]
250 285 [3]
423 562 [4]
348 414 [3]
181 222 [1]
743 994 [7]
452 907 [0]
23 57 [3]
30 492 [4]
133 370 [7]
149 601 [5]
665 720 [6]
781 869 [5]
23 113 [2]
359 367 [4]
600 630 [7]
16 313 [1]
56 128 [6]
186 439 [3]
105 149 [6]
99 736 [0]
101 376 [0]
39 728 [0]
165 473 [5]
90 147 [0]
176 217 [4]
546 978 [4]
284 687 [4]
494 511 [0]
350 525 [4]
11 604 [2]
256 305 [3]
161 861 [2]
455 487 [4]
105 987 [4]
668 946 [5]
589 971 [0]
309 379 [7]
102 116 [6]
344 353 [7]
597 718 [4]
771 798 [4]
622 935 [7]
99 177 [7]
534 541 [0]
231 853 [6]
150 923 [4]
714 813 [5]
44 249 [6]
155 314 [1]
33 93 [4]
616 740 [5]
383 777 [2]
11 593 [2]
581 718 [5]
82 621 [1]
129 974 [6]
85 665 [5]
122 964 [6]
467 976 [0]
0 71 [2]
16 146 [7]
458 725 [3]
64 75 [2]
124 212 [2]
23 459 [2]
119 165 [6]
77 454 [0]
99 764 [7]
277 605 [6]
651 782 [1]
125 962 [7]
351 812 [5]
27 389 [6]
829 844 [2]
718 908 [0]
68 310 [6]
27 311 [6]
139 158 [7]
601 703 [0]
137 970 [4]
42 761 [5]
113 435 [3]
10 723 [3]
211 853 [0]
84 235 [7]
22 856 [0]
85 495 [5]
178 383 [1]
145 516 [0]
27 273 [6]
10 409 [3]
10 162 [3]
277 972 [2]
18 906 [3]
18 889 [3]
80 871 [5]
99 769 [7]
99 905 [7]
88 911 [0]
16 129 [7]
111 237 [7]
29 529 [0]
68 395 [6]
15 320 [5]
12 870 [2]
10 329 [3]
10 696 [3]
558 970 [1]
16 822 [7]
68 218 [5]
57 221 [2]
56 939 [6]
566 685 [2]
27 175 [6]
145 999 [0]
267 895 [7]
209 244 [2]
10 679 [3]
27 167 [6]
121 616 [4]
97 498 [0]
29 637 [0]
56 556 [6]
20 427 [4]
47 164 [1]
56 790 [1]
45 338 [2]
80 669 [5]
111 182 [7]
202 998 [0]
780 907 [5]
56 136 [6]
44 748 [3]
48 384 [2]
48 317 [2]
35 503 [4]
129 343 [1]
85 209 [5]
176 298 [4]
10 129 [3]
35 528 [4]
80 337 [5]
20 784 [4]
10 611 [3]
16 752 [7]
27 832 [4]
85 663 [5]
91 270 [2]
215 841 [0]
318 645 [1]
132 874 [2]
294 422 [0]
16 791 [1]
99 430 [7]
188 895 [5]
385 985 [5]
32 476 [0]
23 114 [2]
16 978 [1]
98 742 [7]
73 780 [7]
148 444 [2]
53 623 [3]
117 475 [7]
25 382 [7]
82 726 [4]
36 342 [2]
10 865 [3]
51 829 [5]
35 515 [4]
129 409 [1]
15 504 [5]
105 254 [4]
16 930 [4]
176 299 [4]
199 263 [0]
126 432 [0]
64 751 [5]
17 561 [6]
11 375 [2]
10 256 [3]
82 431 [4]
16 265 [4]
17 667 [7]
11 966 [2]
189 758 [4]
16 261 [1]
16 207 [7]
198 930 [6]
25 324 [7]
423 961 [3]
500 855 [5]
27 325 [6]
148 486 [2]
211 648 [0]
112 247 [0]
77 637 [3]
51 727 [5]
10 305 [3]
98 229 [7]
34 304 [7]
256 679 [4]
60 840 [0]
16 479 [7]
56 256 [6]
39 92 [6]
131 640 [6]
93 407 [3]
30 213 [5]
232 558 [4]
27 264 [6]
87 535 [6]
87 977 [6]
56 892 [6]
45 972 [4]
119 383 [2]
75 365 [5]
36 670 [2]
16 428 [7]
53 479 [4]
97 347 [0]
148 196 [2]
117 485 [7]
53 659 [6]
23 172 [2]
120 168 [6]
11 144 [2]
147 342 [5]
148 308 [2]
73 419 [2]
98 925 [7]
45 852 [4]
35 822 [4]
17 699 [7]
53 683 [6]
45 664 [3]
85 557 [5]
53 207 [1]
35 659 [4]
53 428 [4]
23 540 [2]
56 565 [6]
27 158 [6]
73 452 [7]
324 824 [4]
25 661 [2]
16 885 [1]
297 597 [0]
122 911 [7]
16 979 [7]
20 109 [4]
28 38 [6]
216 857 [3]
186 810 [3]
127 919 [1]
53 693 [6]
178 710 [1]
20 178 [6]
16 845 [7]
677 691 [5]
149 973 [0]
20 214 [4]
53 528 [6]
361 483 [3]
85 211 [5]
87 980 [6]
23 174 [4]
154 919 [6]
91 909 [2]
87 950 [6]
459 754 [0]
20 866 [4]
68 134 [6]
211 720 [0]
42 373 [5]
177 736 [0]
294 579 [1]
267 549 [3]
427 784 [3]
600 625 [3]
181 686 [7]
75 978 [5]
98 533 [7]
35 873 [4]
33 581 [5]
20 969 [3]
16 561 [4]
188 834 [5]
277 852 [4]
11 374 [2]
305 696 [4]
20 975 [4]
20 989 [4]
91 442 [2]
56 585 [6]
20 763 [4]
119 332 [2]
35 146 [1]
341 674 [0]
126 586 [3]
105 826 [6]
129 329 [1]
34 443 [7]
47 555 [1]
318 957 [1]
17 198 [1]
85 220 [5]
463 583 [0]
341 992 [0]
27 445 [6]
22 464 [0]
86 325 [7]
16 671 [4]
20 880 [4]
47 151 [4]
20 334 [4]
85 231 [5]
16 659 [7]
64 175 [5]
102 279 [7]
216 872 [4]
119 178 [2]
20 473 [6]
87 162 [6]
19 350 [4]
11 100 [7]
53 146 [6]
98 941 [7]
39 140 [6]
34 745 [7]
357 834 [7]
25 54 [7]
39 347 [6]
5 397 [2]
10 790 [3]
39 996 [6]
39 580 [6]
117 457 [7]
39 564 [6]
5 675 [2]
11 881 [2]
25 163 [7]
39 330 [6]
25 238 [0]
25 896 [7]
5 68 [2]
10 712 [3]
20 318 [4]
51 483 [5]
327 881 [4]
5 362 [2]
5 115 [2]
48 278 [2]
25 234 [7]
10 343 [3]
27 622 [6]
98 716 [7]
10 892 [3]
188 818 [5]
25 824 [7]
11 327 [2]
256 696 [4]
10 882 [3]
27 861 [6]
5 269 [2]
53 377 [6]
176 544 [4]
80 551 [5]
39 617 [6]
233 880 [1]
38 256 [1]
5 250 [2]
5 921 [2]
10 472 [3]
12 447 [3]
33 523 [5]
27 319 [6]
16 904 [4]
12 151 [3]
318 427 [1]
20 746 [4]
597 842 [7]
17 930 [7]
27 885 [6]
202 542 [4]
11 707 [2]
27 372 [6]
5 218 [2]
5 738 [2]
5 294 [2]
5 917 [2]
5 850 [2]
5 49 [2]
5 579 [2]
5 833 [2]
5 395 [2]
5 788 [2]
5 741 [2]
5 81 [2]
129 131 [7]
5 680 [2]
10 556 [3]
5 156 [2]
5 160 [2]
29 280 [0]
5 854 [2]
5 418 [2]
5 800 [2]
39 237 [6]
137 300 [3]
11 660 [2]
10 724 [3]
5 224 [2]
10 14 [3]
556 585 [1]
147 489 [5]
10 135 [3]
76 353 [3]
5 310 [2]
5 573 [2]
5 134 [2]
5 539 [2]
5 251 [2]
5 21 [2]
10 536 [3]
5 359 [2]
5 285 [2]
5 945 [2]
39 498 [6]
25 713 [7]
39 849 [6]
5 422 [2]
10 640 [3]
294 573 [0]
5 412 [2]
5 770 [2]
5 474 [2]
5 545 [2]
10 508 [3]
5 932 [2]
129 712 [1]
73 907 [7]
33 297 [5]
5 438 [2]
23 560 [2]
5 451 [2]
5 673 [2]
10 974 [3]
27 847 [6]
111 506 [7]
16 588 [4]
129 508 [1]
98 948 [7]
25 826 [2]
98 584 [7]
256 572 [4]
39 506 [6]
129 472 [1]
57 459 [7]
211 761 [0]
78 413 [2]
48 245 [6]
129 902 [1]
11 888 [7]
10 887 [3]
10 702 [3]
28 873 [6]
27 365 [6]
219 317 [7]
126 660 [3]
25 703 [2]
23 682 [2]
75 477 [5]
129 491 [1]
80 113 [0]
22 42 [0]
75 481 [5]
82 390 [4]
76 478 [4]
68 800 [5]
66 415 [0]
73 874 [7]
5 302 [2]
10 447 [3]
42 289 [5]
5 400 [2]
16 575 [4]
80 779 [5]
5 985 [2]
20 437 [4]
61 569 [1]
29 429 [0]
51 762 [3]
570 710 [3]
10 572 [3]
117 992 [7]
36 502 [2]
5 195 [2]
16 693 [7]
119 638 [2]
5 367 [2]
87 358 [6]
5 69 [2]
20 664 [6]
10 420 [3]
56 679 [6]
18 320 [3]
186 830 [3]
10 760 [3]
106 338 [2]
32 454 [0]
10 110 [3]
34 105 [7]
64 204 [5]
10 939 [3]
25 612 [7]
11 315 [2]
16 751 [1]
34 238 [7]
34 364 [7]
39 814 [6]
25 689 [7]
113 267 [0]
11 79 [7]
10 977 [3]
75 893 [5]
56 305 [6]
238 393 [2]
75 546 [5]
186 827 [3]
10 535 [3]
25 192 [7]
11 468 [7]
10 491 [3]
39 990 [6]
24 938 [3]
10 585 [3]
60 526 [7]
98 685 [7]
5 982 [2]
39 686 [6]
35 986 [4]
29 323 [0]
49 68 [1]
47 641 [1]
25 730 [2]
36 956 [2]
469 809 [4]
24 869 [3]
34 393 [7]
39 111 [6]
85 836 [5]
438 569 [5]
283 646 [0]
48 944 [2]
336 949 [3]
27 978 [6]
60 733 [0]
85 961 [5]
180 618 [5]
25 149 [2]
106 866 [3]
23 266 [2]
60 500 [0]
38 135 [1]
36 509 [2]
15 868 [5]
85 919 [6]
216 593 [3]
148 652 [2]
11 366 [2]
192 896 [6]
55 618 [5]
56 129 [1]
23 221 [2]
68 362 [6]
20 807 [4]
61 438 [1]
27 685 [6]
16 547 [1]
277 937 [4]
27 155 [6]
197 644 [3]
18 970 [3]
344 531 [0]
410 514 [0]
27 614 [6]
55 947 [5]
12 641 [3]
152 401 [2]
27 567 [6]
196 652 [3]
27 546 [6]
31 918 [2]
64 847 [5]
16 750 [1]
557 665 [4]
107 483 [5]
24 590 [4]
28 750 [6]
27 791 [6]
85 381 [5]
27 598 [1]
318 441 [1]
40 877 [5]
27 909 [6]
427 645 [2]
99 179 [0]
27 948 [6]
27 442 [6]
145 396 [0]
181 330 [7]
124 274 [5]
83 446 [0]
85 423 [5]
268 927 [4]
16 536 [4]
12 687 [2]
211 537 [0]
77 529 [6]
268 705 [4]
282 820 [2]
16 439 [4]
93 653 [0]
27 139 [6]
206 577 [7]
27 176 [6]
469 989 [2]
202 993 [4]
112 686 [0]
20 402 [3]
192 713 [6]
644 878 [5]
178 570 [1]
27 876 [6]
16 186 [4]
16 873 [7]
56 696 [6]
16 546 [1]
12 164 [3]
299 394 [5]
27 265 [1]
75 104 [5]
27 123 [6]
115 395 [5]
130 879 [1]
27 467 [6]
550 928 [6]
27 229 [6]
232 705 [5]
47 823 [1]
35 726 [1]
64 442 [5]
209 663 [0]
93 471 [3]
255 374 [4]
27 260 [6]
16 737 [7]
265 886 [3]
27 893 [6]
85 244 [5]
12 228 [2]
197 878 [0]
16 981 [7]
41 799 [1]
20 106 [6]
359 545 [1]
12 848 [3]
113 392 [4]
16 655 [7]
348 519 [7]
361 829 [6]
16 986 [7]
588 633 [0]
27 493 [6]
12 47 [3]
36 796 [5]
151 554 [2]
16 589 [4]
433 541 [6]
27 481 [6]
294 474 [0]
117 514 [7]
386 938 [1]
357 818 [7]
267 522 [5]
27 941 [6]
16 104 [4]
16 876 [4]
10 225 [3]
73 511 [7]
131 887 [1]
27 75 [6]
41 620 [6]
197 787 [6]
353 426 [6]
188 421 [5]
450 869 [7]
297 842 [0]
209 495 [6]
719 910 [2]
16 477 [4]
27 477 [6]
359 474 [5]
318 839 [1]
16 354 [1]
24 355 [3]
204 847 [1]
85 734 [5]
54 896 [4]
382 713 [6]
294 738 [0]
126 613 [3]
45 746 [3]
19 949 [4]
165 804 [4]
432 894 [4]
198 667 [6]
16 810 [4]
54 713 [4]
27 755 [6]
85 562 [5]
299 885 [5]
23 259 [2]
91 521 [2]
45 553 [3]
357 549 [7]
76 700 [4]
25 84 [2]
99 639 [7]
27 161 [6]
356 639 [0]
12 58 [2]
121 740 [4]
27 279 [6]
450 938 [7]
24 386 [4]
341 514 [0]
51 380 [5]
255 366 [4]
322 517 [6]
48 90 [5]
201 878 [0]
39 181 [6]
216 255 [6]
16 175 [1]
27 538 [1]
215 688 [3]
12 969 [2]
20 411 [4]
53 390 [6]
343 409 [5]
16 38 [7]
232 927 [4]
36 253 [2]
60 672 [7]
16 365 [4]
27 566 [6]
14 169 [7]
16 827 [4]
32 676 [0]
39 534 [0]
27 533 [6]
297 718 [0]
36 368 [2]
344 757 [0]
145 599 [0]
357 924 [7]
27 314 [6]
16 627 [4]
47 461 [1]
450 781 [7]
85 853 [5]
106 383 [3]
99 636 [0]
16 91 [1]
19 336 [4]
255 966 [3]
30 316 [4]
24 450 [4]
68 675 [6]
177 636 [7]
209 704 [0]
407 714 [0]
27 768 [6]
82 979 [4]
97 506 [0]
27 976 [6]
185 780 [5]
10 950 [3]
36 951 [2]
16 377 [7]
211 557 [0]
151 701 [2]
17 257 [1]
28 53 [6]
98 139 [5]
20 553 [6]
27 321 [6]
366 604 [5]
20 794 [4]
581 759 [6]
565 882 [7]
45 706 [3]
64 909 [5]
126 642 [4]
16 198 [4]
16 50 [4]
189 623 [6]
16 133 [4]
344 488 [0]
61 302 [1]
147 711 [5]
16 202 [4]
78 553 [3]
174 459 [7]
12 962 [3]
16 390 [7]
176 261 [6]
73 494 [7]
20 530 [3]
56 110 [6]
47 559 [1]
167 313 [2]
64 260 [5]
12 402 [2]
88 346 [0]
68 770 [5]
12 246 [2]
36 698 [2]
209 836 [0]
16 971 [4]
51 897 [3]
75 791 [5]
98 566 [7]
266 871 [6]
299 785 [5]
17 981 [1]
16 515 [7]
60 771 [7]
129 790 [6]
20 233 [4]
186 542 [3]
91 847 [2]
93 714 [0]
126 894 [3]
53 515 [4]
211 665 [0]
53 643 [3]
122 783 [7]
86 978 [7]
230 397 [1]
371 797 [7]
85 704 [5]
20 972 [6]
294 945 [1]
139 941 [4]
356 940 [0]
86 791 [7]
550 748 [6]
20 805 [4]
85 403 [5]
198 699 [6]
20 165 [6]
20 469 [4]
20 687 [3]
91 607 [2]
318 784 [1]
64 155 [5]
98 293 [7]
143 938 [3]
344 478 [0]
98 614 [7]
56 806 [6]
48 947 [5]
27 521 [6]
75 627 [5]
309 943 [6]
407 897 [5]
149 987 [4]
27 104 [6]
82 752 [4]
22 429 [0]
20 246 [4]
117 341 [7]
51 837 [3]
20 706 [4]
139 948 [4]
36 592 [2]
232 906 [4]
11 126 [2]
11 613 [2]
54 382 [0]
68 916 [6]
87 236 [6]
99 356 [7]
48 658 [5]
16 503 [7]
35 845 [4]
119 240 [2]
51 714 [3]
28 655 [4]
263 802 [2]
53 845 [6]
87 939 [6]
24 416 [3]
294 545 [0]
122 786 [7]
36 766 [2]
10 358 [3]
53 431 [6]
12 559 [2]
97 564 [0]
64 262 [5]
27 270 [6]
27 607 [6]
359 982 [5]
20 852 [6]
27 116 [6]
581 842 [7]
24 781 [3]
84 193 [0]
185 511 [5]
186 518 [3]
115 675 [5]
64 521 [5]
12 125 [2]
106 710 [3]
233 437 [1]
87 702 [6]
16 528 [7]
28 737 [4]
10 272 [3]
73 275 [2]
99 793 [7]
141 975 [1]
60 855 [7]
16 131 [7]
53 758 [1]
20 839 [4]
106 570 [3]
36 872 [5]
86 273 [7]
27 64 [6]
263 482 [1]
53 986 [6]
377 390 [7]
236 977 [4]
16 976 [1]
20 809 [4]
386 781 [1]
221 459 [7]
64 270 [5]
410 485 [0]
421 960 [7]
27 293 [6]
115 916 [5]
137 504 [4]
27 935 [6]
605 972 [3]
98 158 [7]
56 952 [6]
12 555 [3]
111 564 [7]
16 27 [4]
102 493 [7]
500 840 [1]
185 907 [2]
206 964 [0]
10 128 [3]
55 339 [4]
38 110 [1]
75 445 [5]
91 260 [2]
129 571 [4]
421 863 [7]
11 682 [7]
61 917 [1]
50 776 [5]
45 898 [3]
27 91 [6]
403 821 [1]
16 217 [1]
27 886 [1]
101 841 [0]
73 226 [7]
149 984 [4]
327 860 [5]
12 616 [3]
64 314 [5]
115 362 [5]
27 827 [1]
359 833 [1]
50 75 [1]
27 243 [4]
536 633 [0]
137 320 [4]
34 208 [0]
32 799 [0]
562 821 [0]
294 982 [0]
117 410 [7]
292 915 [5]
45 233 [2]
130 953 [1]
75 751 [5]
597 759 [6]
12 31 [3]
30 453 [5]
20 744 [4]
16 893 [1]
295 961 [1]
16 257 [4]
16 683 [7]
75 547 [5]
20 804 [6]
20 141 [4]
158 941 [1]
12 461 [3]
479 986 [5]
60 798 [7]
39 247 [6]
75 935 [5]
203 539 [1]
477 893 [4]
20 910 [6]
232 300 [5]
53 752 [6]
530 969 [1]
82 207 [6]
47 870 [1]
73 817 [2]
20 645 [4]
27 98 [6]
186 993 [3]
209 734 [0]
198 575 [2]
34 331 [7]
27 313 [6]
38 128 [1]
51 407 [5]
17 96 [1]
121 879 [4]
140 617 [2]
297 908 [0]
10 236 [3]
64 654 [5]
500 733 [1]
715 891 [6]
119 804 [4]
277 910 [2]
70 138 [6]
51 813 [3]
99 507 [7]
104 264 [6]
64 167 [5]
111 617 [7]
10 131 [3]
28 671 [6]
39 541 [6]
0 67 [2]
121 819 [4]
