32
3
30
4
21
10
2
28
7
19
14
8
5
0
13
11
6
16
15
1
25
29
31
20
18
27
12
9
23
24
17
22
26
3
13 21 [2]
21 25 [0]
22 31 [0]
19 31 [0]
16 30 [0]
20 30 [0]
13 26 [2]
5 17 [2]
10 17 [2]
23 31 [0]
23 30 [0]
8 27 [1]
6 29 [2]
8 20 [1]
11 27 [2]
6 27 [2]
25 31 [0]
8 12 [1]
9 14 [1]
10 24 [1]
4 24 [1]
8 11 [1]
10 21 [2]
20 23 [0]
1 15 [1]
11 15 [1]
12 24 [2]
27 31 [2]
11 16 [0]
14 19 [2]
1 29 [1]
21 30 [0]
5 13 [1]
19 28 [0]
18 27 [2]
1 25 [1]
14 16 [0]
16 19 [0]
11 13 [1]
2 28 [1]
5 8 [2]
18 20 [0]
4 30 [0]
20 31 [1]
4 21 [1]
25 29 [1]
2 10 [2]
9 23 [0]
0 5 [2]
17 24 [2]
6 11 [2]
6 16 [2]
15 16 [0]
23 28 [1]
7 28 [2]
8 14 [2]
9 12 [2]
12 27 [1]
