500
2
273
57
148
158
69
0
1
36
93
73
12
63
22
7
229
107
124
228
195
342
208
194
134
209
23
262
437
125
263
436
444
21
277
18
91
151
62
150
279
106
276
405
322
382
278
383
390
404
492
391
456
493
298
299
59
131
13
246
186
188
53
8
4
11
2
133
50
28
76
80
10
37
265
132
291
293
81
170
77
82
215
225
266
446
357
356
407
267
292
402
418
406
424
425
419
494
403
495
447
394
171
32
214
224
274
296
248
350
289
297
290
207
249
349
306
307
374
264
312
206
83
275
449
313
393
348
392
470
471
426
427
351
288
375
328
173
6
3
14
287
286
88
89
160
202
203
33
480
294
185
233
385
29
51
74
300
283
301
121
70
75
469
468
395
354
355
49
110
9
167
86
335
128
464
40
334
200
87
166
465
309
201
35
135
137
41
95
99
136
197
285
34
5
256
98
114
39
103
31
112
48
27
65
38
100
123
111
122
482
257
483
339
284
147
46
25
129
154
20
252
253
155
365
489
364
488
389
302
47
101
64
238
280
146
466
467
239
281
388
303
54
16
44
140
260
144
176
211
55
15
204
179
240
105
341
42
241
60
178
61
243
118
84
119
193
102
90
218
219
269
271
340
346
347
431
429
177
210
236
145
182
254
227
183
226
258
113
358
359
259
366
141
152
223
143
164
222
153
115
317
26
94
338
397
196
316
396
487
333
332
408
486
409
165
255
367
379
378
237
261
428
310
440
19
189
30
66
85
242
79
108
45
43
434
126
78
330
435
331
127
216
386
442
67
443
491
324
109
138
205
315
399
314
398
430
325
24
221
190
104
370
371
270
191
220
414
415
372
217
412
321
387
413
373
420
421
441
52
156
175
116
174
168
362
472
473
326
327
17
180
181
157
117
319
230
250
169
231
251
318
363
438
139
320
439
490
192
268
311
142
352
400
401
308
353
377
460
451
450
376
461
496
497
329
304
72
172
305
337
498
336
458
459
499
369
457
161
184
97
416
232
295
417
384
481
411
433
345
96
344
71
282
120
452
453
455
432
454
410
485
484
448
149
198
272
159
361
235
360
476
162
56
58
163
422
380
187
130
213
68
212
244
247
245
475
474
381
478
479
463
234
462
477
423
92
368
199
323
445
343
91 243 [0]
67 299 [0]
59 443 [0]
188 443 [0]
73 328 [0]
188 442 [0]
188 386 [0]
1 215 [1]
299 443 [0]
12 328 [0]
1 132 [1]
0 215 [1]
1 447 [1]
63 328 [0]
73 375 [1]
93 375 [1]
31 428 [1]
18 182 [0]
1 375 [1]
31 255 [0]
0 394 [1]
31 165 [0]
173 458 [0]
173 498 [0]
173 337 [0]
328 458 [0]
279 323 [1]
6 337 [0]
328 499 [0]
16 126 [1]
62 323 [1]
223 437 [0]
150 323 [1]
18 366 [0]
18 359 [0]
18 226 [0]
277 366 [0]
223 277 [0]
91 183 [0]
91 226 [0]
151 323 [1]
103 409 [0]
91 236 [0]
110 252 [0]
103 165 [0]
137 437 [0]
14 329 [0]
6 329 [0]
54 386 [1]
137 164 [0]
137 223 [0]
179 270 [1]
0 4 [1]
49 154 [0]
110 154 [0]
16 386 [1]
0 8 [1]
37 313 [1]
54 188 [0]
341 372 [1]
270 341 [1]
179 415 [1]
204 325 [1]
204 430 [1]
23 445 [1]
263 445 [1]
15 398 [1]
321 341 [1]
209 445 [1]
436 445 [1]
55 314 [1]
204 415 [1]
55 398 [1]
211 399 [1]
195 343 [1]
16 324 [1]
16 205 [1]
228 343 [1]
124 343 [1]
49 389 [0]
42 320 [1]
42 438 [1]
55 399 [1]
60 268 [1]
134 355 [0]
39 397 [0]
49 302 [0]
178 192 [1]
42 439 [1]
44 399 [1]
15 399 [1]
15 315 [1]
144 261 [1]
252 285 [1]
192 241 [1]
260 310 [1]
60 192 [1]
107 343 [1]
144 428 [1]
241 268 [1]
140 428 [1]
140 310 [1]
241 438 [1]
260 428 [1]
34 155 [1]
61 420 [1]
114 397 [0]
39 115 [0]
39 317 [0]
114 338 [0]
98 338 [0]
204 315 [1]
341 439 [1]
34 253 [1]
253 285 [1]
61 387 [1]
69 162 [1]
151 440 [0]
56 69 [1]
45 490 [0]
43 490 [0]
197 486 [0]
103 143 [0]
103 222 [0]
103 153 [0]
103 115 [0]
99 408 [0]
16 399 [1]
178 438 [1]
61 438 [1]
88 161 [1]
434 490 [0]
34 257 [0]
99 332 [0]
49 388 [0]
49 303 [0]
108 490 [0]
171 275 [1]
299 440 [0]
197 332 [0]
137 408 [0]
303 355 [0]
54 355 [0]
98 487 [0]
61 321 [1]
9 352 [1]
91 237 [0]
110 400 [1]
88 384 [1]
69 163 [1]
10 385 [0]
256 487 [0]
256 333 [0]
197 333 [0]
9 400 [1]
167 401 [1]
34 333 [0]
9 401 [1]
91 440 [0]
285 333 [0]
420 440 [0]
69 422 [1]
188 423 [1]
38 238 [0]
19 420 [0]
52 189 [0]
186 423 [1]
13 69 [1]
199 299 [1]
92 299 [1]
291 402 [1]
69 131 [1]
277 378 [0]
4 121 [0]
19 441 [0]
13 422 [1]
4 70 [0]
256 339 [0]
88 481 [1]
186 247 [1]
5 339 [1]
246 380 [1]
65 101 [0]
65 238 [0]
144 218 [0]
131 423 [1]
189 441 [0]
186 213 [1]
69 477 [1]
246 423 [1]
158 477 [1]
5 483 [1]
385 484 [1]
213 246 [1]
188 474 [1]
34 482 [1]
98 483 [0]
98 339 [0]
188 245 [1]
246 422 [1]
203 481 [1]
188 475 [1]
33 481 [1]
13 423 [1]
148 463 [1]
148 462 [1]
148 234 [1]
34 483 [1]
411 480 [1]
0 131 [1]
0 59 [1]
50 469 [0]
29 50 [0]
188 247 [1]
2 468 [0]
50 75 [0]
47 65 [0]
31 140 [1]
11 468 [0]
50 385 [0]
66 116 [0]
30 117 [0]
2 469 [0]
480 481 [1]
66 319 [0]
157 189 [0]
50 484 [1]
176 219 [0]
176 218 [0]
133 469 [0]
4 469 [0]
301 453 [1]
148 477 [1]
69 463 [1]
85 473 [0]
294 411 [1]
85 362 [0]
31 177 [0]
63 368 [0]
66 362 [0]
34 284 [1]
34 111 [1]
114 483 [0]
66 117 [0]
28 484 [1]
38 280 [1]
76 448 [1]
80 448 [1]
133 171 [1]
265 485 [1]
66 363 [0]
0 299 [1]
242 387 [0]
82 133 [1]
283 453 [1]
112 140 [1]
25 239 [0]
63 92 [0]
133 170 [1]
12 368 [0]
73 92 [0]
117 189 [0]
86 451 [1]
4 468 [0]
47 48 [0]
29 433 [1]
133 293 [1]
66 157 [0]
51 345 [1]
12 92 [0]
86 450 [1]
81 133 [1]
233 411 [1]
37 485 [1]
10 485 [1]
28 448 [1]
29 345 [1]
87 353 [1]
52 157 [1]
287 354 [0]
286 354 [0]
451 464 [1]
10 484 [1]
80 484 [1]
167 450 [1]
283 345 [1]
4 394 [1]
11 394 [1]
137 376 [1]
14 354 [0]
208 457 [0]
194 457 [0]
4 395 [0]
134 457 [0]
8 395 [0]
228 304 [0]
14 395 [0]
14 355 [0]
385 433 [1]
66 327 [0]
133 394 [1]
93 199 [0]
36 199 [0]
177 255 [1]
376 437 [0]
201 353 [1]
242 413 [0]
135 376 [1]
166 496 [1]
465 496 [1]
48 302 [0]
45 491 [1]
52 181 [1]
155 284 [1]
43 491 [1]
135 461 [1]
229 305 [0]
158 476 [0]
172 229 [0]
32 312 [0]
342 457 [0]
385 485 [1]
57 361 [0]
229 304 [0]
32 264 [0]
158 162 [0]
286 395 [0]
176 340 [0]
291 357 [1]
242 421 [0]
0 199 [0]
301 433 [1]
233 481 [1]
93 299 [1]
21 405 [1]
35 353 [1]
210 255 [1]
112 142 [1]
147 155 [0]
148 360 [0]
31 311 [1]
156 181 [1]
304 342 [0]
83 171 [0]
108 491 [1]
48 114 [0]
163 188 [1]
329 342 [0]
273 360 [0]
132 446 [1]
35 377 [1]
200 497 [1]
40 496 [1]
53 58 [1]
53 163 [1]
73 299 [1]
112 311 [1]
7 456 [1]
156 230 [1]
7 493 [1]
229 456 [1]
7 298 [1]
22 298 [1]
22 299 [1]
85 421 [0]
63 299 [1]
214 426 [1]
79 373 [0]
334 497 [1]
123 467 [1]
108 373 [0]
57 360 [0]
147 489 [0]
31 142 [1]
83 133 [0]
85 420 [0]
134 461 [0]
110 285 [0]
8 355 [0]
53 355 [0]
134 376 [0]
107 456 [1]
171 312 [0]
100 467 [1]
158 235 [0]
147 365 [0]
420 473 [1]
103 142 [1]
188 355 [0]
334 496 [1]
145 255 [1]
236 255 [1]
223 378 [1]
137 460 [1]
132 375 [0]
180 318 [1]
48 281 [1]
233 410 [1]
112 281 [1]
242 373 [0]
112 388 [1]
185 410 [1]
177 428 [1]
135 377 [1]
32 374 [0]
158 360 [0]
54 112 [1]
200 496 [1]
112 303 [1]
87 451 [1]
291 446 [1]
135 460 [1]
81 292 [0]
111 467 [1]
111 466 [1]
116 363 [1]
293 402 [0]
53 476 [1]
385 410 [1]
150 492 [1]
40 497 [1]
53 162 [1]
38 467 [1]
150 404 [0]
62 404 [0]
292 293 [0]
265 375 [0]
57 463 [0]
80 313 [0]
464 497 [1]
46 489 [1]
152 378 [1]
151 404 [0]
8 149 [1]
141 379 [1]
215 403 [1]
8 476 [1]
294 410 [1]
366 367 [1]
63 499 [0]
261 429 [1]
225 403 [1]
224 426 [1]
355 461 [1]
385 481 [1]
279 492 [1]
170 292 [0]
194 456 [1]
41 377 [1]
97 385 [1]
135 355 [0]
385 417 [1]
22 369 [0]
433 453 [0]
357 402 [0]
69 361 [0]
211 347 [0]
294 485 [1]
356 425 [0]
248 351 [1]
434 491 [0]
152 379 [1]
165 366 [1]
140 311 [1]
255 366 [1]
357 418 [0]
204 431 [0]
229 369 [0]
76 313 [0]
69 159 [0]
177 261 [1]
7 369 [0]
240 431 [0]
76 449 [0]
373 434 [0]
17 318 [1]
134 456 [1]
356 424 [0]
141 378 [1]
69 272 [0]
293 350 [0]
248 293 [0]
69 198 [0]
208 456 [1]
137 377 [1]
321 439 [1]
126 372 [0]
25 389 [0]
209 444 [0]
331 491 [0]
293 349 [0]
132 306 [0]
361 463 [0]
291 306 [0]
293 306 [0]
18 278 [1]
55 431 [0]
44 211 [0]
126 324 [0]
250 327 [0]
435 491 [0]
18 383 [1]
17 319 [1]
55 347 [0]
28 449 [0]
366 379 [1]
243 440 [1]
61 440 [1]
152 367 [1]
0 149 [0]
207 392 [1]
88 301 [0]
77 494 [0]
28 206 [0]
290 392 [1]
229 499 [0]
277 390 [1]
356 418 [0]
0 198 [0]
277 383 [1]
156 251 [1]
50 83 [0]
82 394 [0]
37 374 [0]
176 347 [0]
46 466 [1]
224 427 [1]
151 382 [1]
132 307 [0]
46 146 [1]
215 394 [0]
372 434 [0]
171 248 [0]
171 274 [0]
189 442 [1]
440 442 [1]
274 427 [1]
286 301 [0]
25 280 [1]
480 485 [1]
296 351 [1]
67 440 [1]
63 369 [0]
132 447 [1]
147 466 [1]
290 470 [1]
306 471 [1]
223 367 [1]
143 367 [1]
151 322 [1]
129 389 [0]
21 390 [1]
129 364 [1]
349 471 [1]
151 278 [1]
266 447 [1]
231 327 [1]
28 83 [0]
307 471 [1]
249 392 [1]
25 302 [1]
281 302 [0]
292 494 [0]
129 488 [1]
251 327 [1]
169 327 [1]
127 242 [1]
407 495 [1]
302 388 [0]
129 489 [1]
265 374 [0]
290 293 [0]
27 483 [0]
48 483 [0]
319 327 [0]
79 127 [1]
213 479 [1]
42 346 [0]
163 474 [0]
326 441 [0]
240 347 [0]
46 280 [1]
290 374 [0]
327 363 [1]
105 346 [0]
170 494 [0]
193 236 [1]
341 346 [0]
105 347 [0]
249 471 [1]
403 446 [1]
356 495 [1]
134 444 [0]
112 114 [1]
130 479 [0]
60 269 [0]
215 407 [0]
180 250 [1]
276 492 [0]
422 474 [0]
284 466 [1]
79 216 [1]
296 427 [1]
274 351 [1]
108 216 [1]
441 473 [0]
356 419 [1]
214 297 [0]
17 250 [1]
52 326 [0]
32 297 [0]
433 455 [0]
307 470 [1]
239 302 [0]
224 288 [1]
111 284 [1]
444 456 [1]
96 455 [0]
242 386 [1]
357 495 [1]
391 405 [0]
350 427 [1]
289 427 [1]
154 488 [0]
344 454 [0]
102 210 [1]
27 482 [0]
366 378 [1]
189 386 [1]
214 288 [1]
187 478 [0]
290 307 [0]
171 351 [1]
241 269 [0]
30 386 [1]
178 269 [0]
193 210 [1]
32 288 [1]
215 494 [0]
20 488 [0]
221 372 [0]
446 447 [1]
42 271 [0]
202 485 [1]
32 290 [0]
333 486 [0]
154 389 [0]
21 456 [1]
380 474 [0]
20 364 [0]
29 75 [0]
132 374 [0]
241 271 [0]
27 257 [0]
215 447 [1]
96 432 [0]
405 493 [0]
71 454 [0]
180 230 [1]
316 317 [1]
24 370 [1]
21 391 [1]
357 403 [1]
106 298 [0]
89 173 [1]
171 224 [1]
380 478 [0]
107 195 [0]
6 89 [1]
107 208 [1]
279 298 [0]
377 401 [0]
106 493 [0]
405 492 [0]
276 493 [0]
107 342 [0]
193 269 [0]
130 478 [0]
130 381 [0]
47 239 [0]
173 202 [1]
305 499 [1]
41 401 [1]
279 299 [0]
103 112 [0]
193 237 [1]
119 237 [1]
118 237 [1]
237 243 [1]
84 237 [1]
317 397 [0]
175 326 [1]
434 435 [1]
116 327 [1]
267 494 [1]
89 286 [0]
71 432 [0]
97 433 [0]
338 487 [0]
108 331 [1]
387 421 [1]
253 364 [0]
49 135 [0]
407 494 [1]
325 370 [0]
99 285 [1]
322 404 [0]
332 486 [0]
407 419 [1]
175 327 [1]
289 426 [1]
211 260 [1]
353 451 [0]
285 400 [1]
87 201 [1]
87 309 [1]
321 438 [1]
144 429 [0]
345 455 [1]
307 393 [1]
116 472 [1]
96 454 [0]
20 253 [1]
218 429 [1]
182 359 [1]
24 414 [1]
156 327 [1]
126 386 [0]
88 203 [0]
87 464 [0]
206 449 [1]
109 221 [0]
24 415 [1]
403 407 [1]
290 350 [0]
230 251 [0]
124 229 [0]
372 373 [0]
277 437 [0]
175 473 [1]
209 436 [1]
41 136 [1]
29 121 [0]
94 396 [1]
271 346 [1]
161 384 [0]
227 259 [1]
51 121 [0]
101 239 [0]
193 219 [0]
392 471 [0]
236 237 [1]
166 200 [0]
108 434 [0]
168 473 [1]
151 279 [0]
125 277 [0]
40 465 [0]
46 129 [0]
54 140 [0]
253 489 [1]
138 370 [0]
181 230 [1]
297 426 [1]
393 470 [0]
325 415 [1]
228 229 [0]
202 480 [0]
264 313 [1]
340 347 [1]
104 371 [1]
65 482 [0]
169 251 [0]
109 370 [0]
145 227 [0]
58 162 [0]
109 371 [0]
164 408 [1]
222 409 [1]
56 163 [0]
102 219 [1]
381 479 [1]
37 80 [0]
171 288 [1]
44 260 [0]
41 352 [1]
184 301 [1]
173 485 [1]
328 485 [1]
375 485 [1]
212 245 [0]
420 441 [1]
267 419 [1]
26 487 [1]
254 359 [1]
26 333 [1]
210 429 [0]
165 367 [0]
178 193 [0]
308 377 [0]
164 223 [0]
348 470 [0]
184 384 [0]
292 419 [1]
95 136 [1]
178 241 [0]
215 266 [0]
26 396 [1]
308 451 [0]
160 203 [0]
312 313 [1]
390 405 [0]
212 247 [1]
292 425 [1]
71 455 [0]
372 413 [0]
183 236 [0]
221 270 [1]
65 122 [0]
313 374 [1]
113 359 [1]
329 337 [1]
308 450 [0]
26 316 [1]
225 446 [0]
254 259 [1]
216 331 [0]
258 358 [1]
348 471 [0]
275 312 [1]
205 399 [0]
253 365 [0]
78 331 [1]
77 215 [1]
72 337 [1]
68 247 [0]
65 123 [0]
174 472 [1]
200 464 [0]
296 350 [1]
190 371 [1]
181 319 [1]
231 250 [0]
70 469 [1]
282 455 [0]
95 285 [1]
174 473 [1]
68 244 [1]
475 479 [1]
127 386 [0]
126 331 [1]
228 342 [1]
304 337 [1]
129 253 [1]
184 433 [0]
154 252 [1]
474 478 [1]
184 416 [0]
145 259 [1]
182 366 [1]
417 481 [1]
134 262 [0]
219 340 [1]
321 413 [0]
145 254 [0]
442 443 [0]
221 371 [1]
82 170 [0]
134 437 [0]
88 160 [0]
87 465 [0]
312 449 [1]
217 413 [0]
360 361 [0]
412 413 [0]
383 405 [0]
250 318 [0]
315 430 [0]
90 219 [1]
145 183 [0]
75 121 [1]
329 355 [1]
324 372 [0]
285 352 [1]
171 293 [0]
198 476 [1]
355 457 [1]
161 301 [1]
151 299 [0]
401 450 [0]
110 309 [0]
109 372 [0]
143 165 [1]
143 409 [1]
301 395 [1]
164 409 [1]
110 135 [0]
110 201 [0]
222 408 [1]
111 482 [1]
335 465 [0]
101 280 [1]
138 325 [0]
9 465 [0]
145 366 [1]
115 332 [1]
167 465 [0]
115 333 [1]
102 429 [1]
317 333 [1]
205 325 [0]
345 453 [1]
110 465 [0]
149 476 [1]
128 465 [0]
404 405 [0]
227 359 [1]
464 465 [0]
96 453 [1]
96 452 [1]
86 464 [1]
235 272 [1]
337 499 [1]
24 270 [1]
213 475 [0]
270 372 [0]
272 476 [1]
205 430 [0]
68 475 [0]
51 283 [1]
116 473 [1]
59 188 [0]
55 204 [0]
41 285 [1]
121 395 [1]
97 417 [1]
6 286 [1]
226 359 [0]
344 452 [1]
213 247 [1]
115 408 [1]
329 457 [1]
191 415 [0]
51 301 [0]
384 416 [0]
193 243 [0]
270 415 [0]
23 263 [1]
68 245 [0]
153 408 [1]
131 188 [0]
239 280 [0]
393 471 [0]
179 341 [1]
205 324 [1]
290 349 [0]
250 251 [0]
74 301 [0]
459 498 [1]
282 344 [1]
270 414 [1]
99 137 [0]
418 425 [1]
280 467 [0]
474 479 [1]
3 286 [1]
282 453 [0]
463 477 [0]
219 271 [1]
438 439 [0]
220 270 [1]
416 417 [1]
30 242 [1]
258 359 [1]
396 397 [0]
387 420 [1]
322 383 [0]
233 294 [0]
272 361 [1]
331 386 [0]
221 370 [0]
309 465 [0]
321 372 [1]
213 380 [1]
116 362 [0]
226 358 [0]
227 258 [1]
119 243 [0]
126 435 [0]
232 417 [0]
276 279 [1]
277 444 [0]
282 452 [1]
209 262 [0]
206 275 [1]
263 437 [1]
362 473 [0]
0 36 [0]
372 412 [1]
235 476 [1]
295 416 [1]
240 341 [1]
207 349 [0]
355 395 [1]
89 202 [1]
78 435 [1]
1 93 [1]
72 305 [1]
232 384 [0]
66 242 [1]
64 280 [1]
103 114 [1]
120 453 [0]
335 464 [1]
118 119 [0]
26 338 [0]
125 444 [0]
18 151 [1]
102 218 [0]
101 238 [0]
99 197 [0]
352 401 [0]
94 397 [1]
458 498 [0]
418 424 [0]
336 459 [1]
23 437 [1]
382 383 [0]
17 181 [0]
11 133 [1]
458 499 [0]
462 463 [0]
6 14 [0]
3 287 [1]
41 99 [0]
126 330 [0]
406 425 [1]
52 175 [0]
51 300 [1]
48 65 [1]
391 493 [0]
204 240 [0]
44 54 [0]
398 399 [0]
300 301 [0]
38 123 [0]
406 418 [1]
34 256 [0]
183 258 [1]
138 324 [1]
139 439 [0]
189 440 [1]
144 211 [1]
187 213 [1]
168 472 [1]
290 297 [1]
373 413 [1]
122 123 [0]
316 397 [1]
146 467 [0]
157 319 [1]
178 243 [0]
167 335 [0]
172 304 [0]
148 273 [1]
125 436 [0]
320 438 [1]
203 480 [0]
135 201 [0]
190 370 [0]
297 350 [0]
196 396 [0]
191 414 [0]
474 475 [0]
404 492 [0]
308 353 [0]
406 424 [0]
307 374 [1]
468 469 [0]
306 349 [1]
410 485 [0]
411 481 [1]
286 287 [1]
459 499 [0]
59 299 [0]
403 495 [0]
147 284 [1]
402 418 [0]
298 493 [0]
294 480 [0]
298 299 [0]
308 401 [0]
302 389 [0]
436 444 [0]
384 417 [0]
453 455 [0]
450 451 [1]
448 484 [1]
456 493 [1]
458 459 [1]
283 300 [0]
303 388 [1]
315 399 [0]
452 453 [1]
295 417 [0]
283 301 [0]
304 329 [0]
414 415 [0]
432 455 [0]
432 454 [1]
426 427 [1]
347 431 [0]
314 399 [0]
391 456 [1]
356 407 [0]
305 337 [1]
420 421 [1]
419 425 [0]
462 477 [0]
306 307 [0]
466 467 [0]
292 402 [1]
357 446 [1]
321 412 [0]
310 428 [0]
356 357 [0]
322 382 [0]
322 405 [0]
354 395 [0]
353 377 [0]
345 433 [0]
402 425 [1]
340 346 [0]
348 393 [0]
348 392 [1]
358 359 [0]
328 375 [0]
346 347 [1]
330 435 [0]
331 435 [1]
291 293 [0]
332 333 [1]
326 473 [0]
339 483 [1]
338 397 [0]
332 408 [1]
337 498 [1]
336 498 [0]
336 458 [0]
313 449 [0]
64 238 [1]
66 85 [1]
381 478 [0]
387 413 [1]
386 442 [1]
289 297 [1]
384 481 [1]
333 487 [1]
383 390 [0]
64 101 [0]
314 398 [0]
289 350 [0]
424 425 [0]
381 474 [0]
380 422 [1]
392 470 [1]
377 460 [0]
376 461 [1]
362 472 [1]
325 430 [1]
352 400 [0]
60 178 [1]
370 371 [0]
369 499 [1]
367 379 [1]
365 489 [0]
364 488 [1]
320 439 [1]
498 499 [1]
321 387 [1]
67 442 [0]
316 396 [1]
60 241 [1]
61 178 [0]
61 243 [0]
62 150 [0]
62 151 [0]
20 252 [0]
23 209 [0]
16 54 [0]
17 180 [1]
17 327 [1]
12 73 [0]
18 277 [0]
19 189 [0]
19 440 [0]
20 154 [1]
56 58 [0]
21 277 [1]
21 444 [1]
22 63 [0]
16 44 [1]
5 256 [1]
0 69 [0]
1 36 [1]
2 11 [0]
2 133 [1]
49 110 [0]
70 121 [0]
67 443 [1]
71 344 [1]
72 172 [0]
52 441 [0]
46 147 [0]
47 101 [1]
73 93 [1]
48 112 [0]
3 6 [1]
49 355 [0]
50 133 [1]
51 74 [0]
52 156 [1]
72 304 [1]
53 188 [0]
54 303 [1]
55 211 [0]
14 287 [1]
7 22 [1]
83 275 [0]
84 118 [1]
84 119 [1]
85 242 [1]
86 167 [1]
18 91 [1]
13 131 [0]
13 246 [0]
82 215 [0]
15 55 [0]
15 204 [0]
107 229 [1]
134 194 [1]
109 324 [0]
104 190 [1]
104 370 [0]
105 240 [0]
76 80 [0]
3 14 [1]
4 8 [1]
4 11 [1]
5 34 [1]
23 262 [1]
6 173 [1]
83 206 [1]
74 300 [0]
75 469 [0]
70 75 [0]
77 82 [1]
77 170 [0]
78 126 [0]
78 330 [1]
79 108 [0]
45 108 [0]
81 170 [0]
81 293 [0]
40 334 [0]
44 140 [1]
28 50 [1]
102 193 [0]
29 51 [0]
29 385 [0]
30 66 [0]
30 189 [0]
31 103 [0]
31 112 [0]
27 48 [1]
35 135 [0]
35 201 [1]
36 93 [0]
37 265 [0]
38 65 [0]
38 100 [1]
39 103 [0]
33 203 [0]
34 285 [1]
7 229 [0]
9 110 [0]
12 63 [1]
10 37 [1]
39 114 [1]
10 80 [1]
9 167 [1]
71 282 [1]
33 480 [0]
8 53 [1]
40 464 [1]
27 65 [1]
28 76 [1]
24 221 [1]
24 325 [1]
25 46 [1]
25 129 [1]
26 94 [0]
26 317 [1]
98 256 [1]
56 162 [0]
92 368 [1]
86 335 [0]
95 99 [1]
96 344 [0]
96 345 [0]
97 184 [1]
97 416 [1]
98 114 [0]
90 218 [1]
99 136 [0]
100 123 [0]
79 242 [1]
47 302 [1]
149 198 [1]
68 212 [0]
68 213 [1]
69 158 [1]
58 163 [0]
41 95 [1]
41 137 [1]
42 241 [0]
42 341 [0]
43 45 [0]
43 434 [1]
91 151 [0]
57 148 [0]
57 273 [0]
105 341 [1]
59 131 [1]
94 338 [0]
87 166 [0]
87 200 [0]
88 89 [1]
88 286 [1]
89 160 [0]
90 102 [0]
202 203 [1]
205 315 [0]
195 228 [0]
195 342 [0]
196 316 [1]
196 397 [0]
197 285 [1]
198 272 [1]
200 334 [1]
191 270 [0]
32 214 [0]
194 208 [1]
206 312 [1]
207 249 [1]
207 290 [1]
208 342 [0]
210 236 [1]
212 244 [0]
214 224 [1]
230 250 [0]
217 412 [0]
173 328 [1]
176 211 [0]
177 210 [1]
177 429 [0]
179 204 [1]
179 240 [1]
180 181 [1]
215 225 [1]
183 226 [1]
278 383 [1]
185 233 [1]
185 294 [1]
186 188 [0]
186 246 [1]
187 380 [1]
190 221 [0]
191 220 [0]
201 309 [0]
32 171 [1]
192 268 [1]
264 374 [1]
248 350 [0]
249 349 [0]
252 253 [0]
257 482 [0]
257 483 [0]
261 428 [0]
262 437 [1]
263 436 [1]
264 312 [1]
248 296 [1]
266 446 [0]
267 292 [1]
267 407 [0]
269 271 [0]
271 340 [0]
274 296 [1]
232 295 [0]
232 416 [1]
218 219 [0]
219 269 [1]
220 414 [1]
224 274 [0]
225 266 [1]
226 258 [0]
227 254 [0]
278 382 [0]
183 227 [1]
172 305 [1]
233 385 [1]
234 462 [0]
234 463 [1]
235 360 [0]
235 361 [1]
238 280 [0]
244 247 [0]
128 464 [1]
121 301 [1]
122 482 [0]
124 228 [1]
125 263 [1]
116 175 [1]
126 434 [1]
118 243 [1]
127 331 [0]
128 335 [1]
120 452 [0]
129 154 [0]
130 187 [0]
130 213 [0]
132 265 [1]
143 164 [0]
169 250 [1]
144 176 [0]
135 137 [0]
113 358 [0]
106 276 [0]
106 279 [0]
107 124 [1]
132 291 [0]
109 138 [0]
134 209 [1]
111 122 [0]
111 123 [0]
113 258 [1]
138 205 [1]
115 153 [1]
115 317 [1]
116 174 [1]
125 437 [1]
245 475 [0]
127 216 [0]
119 193 [1]
120 282 [0]
162 476 [1]
153 222 [0]
155 253 [1]
155 365 [0]
156 175 [1]
157 181 [0]
159 272 [0]
245 247 [1]
160 202 [0]
150 279 [1]
152 223 [0]
163 422 [0]
164 222 [1]
165 255 [1]
166 465 [1]
168 174 [1]
168 362 [1]
182 254 [1]
217 372 [1]
145 182 [1]
139 320 [0]
139 438 [0]
140 260 [1]
141 152 [0]
141 366 [0]
169 231 [0]
143 223 [1]
281 388 [0]
144 260 [0]
276 405 [0]
145 236 [0]
146 280 [0]
146 466 [0]
0 1 [1]
148 158 [0]
159 361 [0]
117 157 [1]
161 184 [0]
