800
10
700
10
0
1
3
2
4
8
19
5
20
12
15
31
71
33
7
14
41
27
6
17
11
13
16
23
22
35
62
44
32
28
39
67
34
9
25
21
60
29
38
26
47
52
36
30
18
55
43
86
58
46
74
68
53
94
106
156
49
63
93
51
81
95
40
24
73
56
61
50
64
66
37
57
72
42
114
59
143
139
48
127
92
104
77
108
70
128
84
89
90
54
98
123
69
76
75
83
122
65
82
186
111
91
97
78
146
126
102
99
115
116
175
96
137
87
88
113
221
138
85
117
134
130
147
45
133
163
107
149
124
164
155
79
103
168
141
132
118
189
125
160
177
182
157
190
197
80
150
161
151
109
154
170
217
200
121
110
184
119
236
174
181
148
179
173
201
120
162
166
159
169
165
192
136
183
135
228
231
249
158
129
176
214
144
112
145
172
167
202
195
198
131
238
211
256
280
203
152
204
247
272
218
105
213
194
354
235
142
230
191
210
199
285
262
180
239
208
223
216
287
286
100
140
240
327
344
232
226
187
188
263
265
270
185
281
207
264
222
290
205
254
196
178
283
171
224
153
268
209
225
243
252
234
233
227
245
193
259
310
284
261
212
237
242
246
326
446
294
424
273
206
101
313
220
258
319
300
291
279
293
296
365
398
331
257
304
356
229
250
464
282
244
274
496
269
248
276
330
292
253
360
367
320
215
409
434
328
337
389
351
341
364
380
271
421
339
455
411
312
299
267
317
314
387
401
308
420
332
321
400
266
385
403
537
316
275
241
278
260
251
340
396
301
407
315
302
393
288
486
309
342
318
353
438
394
395
359
311
219
343
334
323
322
333
378
355
352
437
376
297
357
388
307
298
404
255
430
363
414
410
373
374
528
345
453
377
329
392
384
386
303
348
412
445
335
509
478
371
600
603
391
381
362
406
366
390
405
441
277
338
426
397
413
370
482
442
462
473
289
358
375
440
361
470
525
456
372
379
571
450
472
493
324
350
499
349
369
511
447
468
346
567
467
523
336
408
427
489
443
466
480
463
522
510
501
436
678
416
431
460
504
529
448
535
429
492
383
547
508
598
347
454
538
423
433
415
368
432
655
503
640
563
524
612
444
494
541
481
521
439
458
428
768
576
565
782
417
542
452
798
325
530
425
515
637
479
306
382
476
295
574
577
399
402
648
553
506
591
570
495
459
497
475
507
543
592
562
546
722
747
539
477
586
422
545
533
418
582
569
305
641
669
550
532
526
673
549
590
615
505
534
483
708
502
683
490
469
548
566
531
419
461
593
471
594
558
559
587
561
597
621
474
514
653
500
646
516
451
449
588
690
498
488
580
484
540
610
557
614
491
643
604
607
527
730
578
519
552
667
738
616
536
517
555
654
711
720
520
649
551
644
457
465
554
564
572
596
599
618
613
719
753
657
742
628
617
709
650
680
589
573
639
544
635
652
611
651
671
664
774
435
682
513
692
620
712
605
622
595
518
660
721
560
629
779
632
568
661
715
631
674
658
602
740
647
608
684
581
676
625
666
609
556
585
677
751
623
780
694
670
760
707
575
672
685
757
705
699
584
688
642
794
668
781
786
681
726
733
717
702
718
624
741
754
789
792
735
487
783
630
659
638
713
716
732
636
793
743
710
579
724
777
772
665
752
691
583
787
755
485
687
689
627
679
703
601
675
645
729
765
737
634
773
790
795
797
764
761
727
775
706
763
766
736
799
744
791
767
701
734
756
626
704
714
759
758
745
778
739
796
663
731
776
698
769
606
686
748
749
656
723
725
696
697
788
784
619
770
693
662
762
746
633
785
728
771
695
512
750
260 642 [1]
396 642 [1]
278 642 [3]
194 659 [3]
4 739 [1]
71 713 [5]
116 656 [2]
98 780 [0]
71 706 [0]
72 486 [4]
0 448 [6]
223 584 [3]
436 718 [1]
335 712 [3]
87 698 [2]
186 660 [0]
243 749 [1]
362 795 [1]
6 772 [8]
232 623 [3]
0 621 [7]
259 796 [3]
39 173 [1]
131 729 [3]
96 599 [0]
41 601 [8]
16 623 [9]
302 705 [1]
13 746 [2]
43 623 [5]
164 689 [2]
268 619 [1]
499 512 [7]
33 636 [5]
130 799 [2]
195 737 [3]
15 713 [5]
349 771 [7]
49 671 [5]
63 639 [5]
386 518 [3]
96 618 [0]
33 710 [5]
33 799 [0]
499 713 [1]
113 554 [0]
26 222 [1]
146 651 [0]
282 689 [1]
1 401 [1]
43 670 [5]
184 658 [2]
298 698 [1]
138 758 [2]
39 201 [1]
369 785 [7]
438 760 [1]
13 326 [1]
257 645 [1]
10 207 [1]
37 353 [4]
86 585 [5]
3 312 [1]
61 503 [4]
146 700 [0]
45 727 [2]
8 217 [2]
106 230 [1]
123 694 [0]
95 458 [4]
40 297 [4]
316 688 [3]
257 765 [1]
71 274 [6]
1 510 [6]
20 749 [1]
343 723 [6]
4 121 [2]
12 766 [0]
93 194 [1]
247 777 [3]
362 773 [1]
6 638 [8]
6 630 [8]
297 606 [1]
160 702 [2]
3 267 [6]
176 745 [2]
218 579 [3]
246 791 [3]
205 746 [3]
302 762 [1]
10 561 [7]
267 792 [1]
8 659 [9]
2 468 [6]
116 573 [0]
37 438 [4]
251 575 [3]
401 681 [3]
15 736 [0]
73 437 [4]
95 298 [4]
14 703 [8]
260 575 [3]
7 485 [5]
333 581 [3]
126 651 [0]
171 674 [3]
312 630 [1]
15 743 [5]
261 756 [3]
70 275 [4]
26 656 [9]
2 713 [9]
0 387 [1]
51 428 [4]
1 531 [7]
205 662 [3]
317 717 [3]
6 220 [1]
149 755 [0]
30 366 [4]
40 229 [6]
26 606 [9]
424 734 [1]
63 373 [4]
70 241 [4]
10 568 [4]
68 602 [5]
21 121 [1]
85 564 [0]
283 658 [3]
16 237 [1]
301 668 [1]
10 661 [4]
126 771 [0]
374 704 [1]
107 687 [0]
10 260 [6]
384 736 [1]
57 438 [4]
6 663 [8]
47 185 [1]
192 788 [2]
97 605 [0]
55 381 [4]
126 785 [0]
204 752 [3]
424 652 [3]
4 749 [6]
107 755 [0]
293 727 [1]
124 665 [0]
7 398 [1]
4 223 [1]
80 688 [2]
472 554 [3]
95 250 [6]
137 698 [0]
97 622 [0]
34 493 [4]
102 478 [4]
2 421 [6]
52 799 [9]
310 626 [3]
192 725 [2]
164 752 [0]
26 776 [9]
194 636 [3]
0 317 [1]
446 714 [1]
446 704 [1]
0 73 [5]
188 694 [3]
8 262 [1]
12 743 [5]
3 271 [1]
31 746 [7]
78 620 [0]
302 693 [1]
220 773 [3]
96 303 [4]
0 21 [9]
114 438 [4]
272 583 [3]
8 25 [9]
227 723 [1]
7 601 [8]
44 568 [9]
7 645 [8]
397 689 [1]
5 151 [2]
442 752 [1]
69 361 [4]
385 718 [1]
434 665 [1]
35 684 [9]
376 602 [3]
3 567 [6]
211 634 [3]
14 410 [6]
291 766 [1]
3 25 [9]
55 601 [9]
74 412 [4]
419 758 [4]
342 584 [1]
157 733 [2]
148 658 [2]
78 712 [0]
30 100 [1]
96 709 [0]
20 142 [3]
445 764 [1]
8 208 [1]
326 651 [3]
133 675 [0]
4 216 [1]
72 758 [0]
23 259 [1]
284 620 [3]
105 772 [3]
5 366 [6]
61 547 [4]
20 777 [5]
11 705 [8]
163 772 [0]
22 575 [9]
53 602 [5]
376 731 [1]
1 111 [0]
21 119 [1]
1 24 [5]
56 454 [4]
427 785 [7]
35 625 [9]
2 121 [2]
70 732 [0]
0 461 [7]
177 735 [2]
112 756 [3]
5 161 [2]
27 404 [6]
21 236 [1]
0 403 [6]
88 745 [0]
0 226 [3]
4 793 [9]
10 97 [0]
285 702 [2]
308 685 [3]
377 791 [1]
40 563 [4]
193 799 [3]
130 761 [0]
4 154 [2]
312 732 [1]
238 790 [3]
1 25 [9]
36 140 [1]
526 770 [4]
268 686 [3]
116 652 [0]
445 797 [1]
567 741 [1]
450 659 [1]
99 788 [0]
2 339 [6]
234 560 [3]
263 670 [3]
250 691 [3]
18 160 [1]
96 386 [4]
10 179 [2]
480 786 [1]
89 472 [4]
9 324 [4]
2 579 [9]
367 732 [3]
93 541 [4]
17 487 [9]
283 512 [1]
4 710 [9]
269 572 [3]
163 579 [0]
87 778 [0]
43 406 [4]
322 575 [1]
22 393 [6]
210 638 [3]
0 455 [1]
39 447 [4]
7 356 [6]
283 647 [3]
170 575 [2]
117 698 [2]
29 200 [1]
3 186 [0]
334 619 [6]
201 632 [2]
71 487 [8]
102 692 [0]
478 737 [1]
18 675 [9]
169 656 [2]
341 735 [3]
317 713 [1]
8 40 [5]
35 609 [9]
259 706 [3]
8 338 [6]
12 464 [1]
385 771 [1]
61 725 [5]
44 523 [4]
466 750 [7]
190 624 [2]
595 686 [8]
340 780 [3]
297 674 [3]
6 717 [8]
256 790 [3]
59 318 [4]
94 684 [5]
71 795 [5]
6 202 [1]
2 455 [6]
83 780 [0]
155 743 [0]
332 735 [1]
4 665 [9]
7 204 [1]
134 769 [2]
284 748 [1]
272 627 [3]
15 194 [3]
51 345 [4]
61 172 [1]
62 489 [4]
145 714 [3]
14 789 [8]
13 424 [6]
11 212 [1]
56 770 [5]
412 651 [3]
73 365 [6]
255 684 [1]
41 769 [8]
291 639 [3]
45 675 [0]
1 287 [3]
147 739 [2]
17 638 [9]
85 748 [2]
128 209 [6]
35 751 [9]
49 779 [5]
58 132 [1]
4 691 [9]
7 453 [6]
130 606 [2]
342 625 [3]
446 745 [1]
50 220 [6]
590 693 [4]
469 769 [4]
175 664 [0]
167 799 [3]
114 466 [4]
181 750 [2]
0 174 [2]
424 435 [3]
4 40 [5]
326 797 [3]
17 659 [9]
18 627 [9]
19 389 [6]
4 271 [6]
155 636 [0]
71 182 [2]
348 660 [1]
2 170 [2]
357 745 [1]
11 206 [6]
132 601 [2]
311 642 [1]
64 784 [0]
112 745 [3]
93 203 [1]
167 744 [3]
3 589 [4]
47 240 [1]
2 82 [0]
147 777 [0]
372 630 [1]
168 737 [2]
409 465 [3]
412 595 [1]
333 619 [6]
2 239 [3]
11 783 [9]
11 735 [9]
45 691 [0]
1 40 [5]
33 177 [2]
387 707 [3]
345 661 [1]
10 513 [4]
10 99 [2]
377 706 [1]
9 254 [1]
22 310 [6]
569 771 [4]
164 797 [2]
15 213 [3]
8 269 [1]
81 131 [1]
1 408 [6]
13 273 [6]
209 602 [3]
116 771 [2]
127 737 [0]
288 786 [1]
12 679 [5]
1 9 [9]
31 754 [8]
345 766 [1]
175 606 [0]
10 236 [2]
363 712 [3]
4 755 [9]
224 776 [3]
153 739 [3]
391 435 [1]
2 109 [2]
14 125 [2]
314 575 [3]
44 225 [1]
273 745 [1]
66 231 [1]
34 447 [4]
44 193 [6]
1 264 [1]
206 758 [1]
2 344 [1]
189 583 [2]
401 750 [1]
98 403 [4]
20 687 [5]
89 659 [0]
518 769 [8]
12 434 [6]
117 706 [0]
28 403 [7]
69 442 [4]
99 518 [0]
115 622 [0]
293 544 [3]
419 769 [4]
0 340 [6]
132 675 [2]
263 728 [3]
182 584 [0]
79 638 [0]
44 647 [9]
326 731 [1]
587 778 [4]
103 797 [2]
1 364 [1]
163 734 [2]
12 696 [3]
39 243 [6]
46 381 [4]
590 762 [4]
19 464 [1]
4 140 [1]
260 770 [1]
29 470 [4]
1 523 [6]
144 796 [3]
93 779 [5]
17 300 [6]
20 478 [6]
66 167 [6]
266 630 [1]
13 193 [1]
29 525 [4]
2 361 [6]
63 612 [4]
395 750 [6]
245 764 [3]
343 633 [6]
23 302 [6]
21 264 [1]
219 794 [1]
14 733 [8]
92 486 [4]
64 437 [4]
510 700 [6]
2 440 [6]
0 364 [1]
84 340 [4]
56 748 [5]
23 393 [6]
148 676 [2]
201 762 [2]
282 628 [3]
94 262 [6]
21 697 [9]
33 727 [9]
12 199 [1]
245 797 [3]
106 247 [1]
7 759 [8]
16 438 [6]
301 556 [3]
4 421 [6]
1 266 [6]
448 784 [7]
272 713 [2]
299 578 [3]
32 740 [9]
119 771 [2]
95 700 [5]
47 570 [4]
4 210 [3]
148 728 [2]
139 701 [0]
63 356 [6]
20 703 [5]
17 167 [1]
117 790 [0]
27 203 [1]
39 620 [9]
0 34 [9]
14 706 [9]
27 675 [9]
63 718 [9]
6 485 [9]
107 734 [2]
311 668 [1]
324 741 [1]
361 659 [1]
97 568 [0]
2 187 [1]
65 707 [0]
19 551 [4]
9 387 [7]
126 348 [4]
102 386 [4]
88 374 [4]
69 370 [4]
123 370 [4]
146 412 [4]
57 443 [4]
394 461 [3]
300 611 [3]
68 223 [6]
263 693 [3]
257 772 [3]
21 201 [1]
76 688 [0]
413 613 [3]
243 728 [1]
33 69 [0]
265 672 [3]
376 672 [1]
160 259 [4]
2 215 [1]
87 190 [0]
95 453 [4]
7 374 [6]
50 176 [1]
34 205 [1]
183 712 [2]
87 157 [0]
9 589 [9]
29 766 [9]
3 321 [6]
437 619 [6]
281 696 [3]
248 716 [3]
3 379 [6]
21 731 [9]
21 723 [9]
3 583 [9]
36 679 [9]
36 601 [9]
532 785 [4]
130 787 [0]
125 672 [0]
79 792 [0]
91 746 [0]
0 110 [2]
401 780 [3]
541 795 [7]
355 688 [1]
31 279 [1]
2 358 [6]
43 232 [6]
64 228 [1]
410 763 [1]
8 244 [1]
149 219 [8]
252 658 [3]
1 222 [1]
10 178 [1]
626 632 [8]
373 795 [1]
54 792 [0]
40 279 [6]
163 758 [2]
5 39 [9]
698 721 [8]
31 714 [8]
63 733 [9]
130 596 [0]
440 487 [1]
510 642 [1]
175 560 [0]
386 635 [3]
120 696 [2]
414 698 [6]
48 714 [0]
287 741 [3]
3 372 [6]
0 140 [3]
1 468 [6]
6 627 [9]
18 755 [9]
49 624 [9]
155 624 [0]
122 672 [0]
298 518 [3]
164 766 [2]
14 357 [6]
204 765 [3]
20 351 [6]
107 296 [7]
147 356 [7]
10 466 [6]
78 226 [6]
114 193 [6]
106 180 [6]
674 797 [8]
95 202 [1]
3 787 [9]
122 390 [4]
76 426 [4]
192 663 [2]
43 772 [9]
293 665 [3]
205 748 [3]
13 687 [9]
189 672 [0]
10 81 [5]
62 228 [1]
17 195 [1]
71 142 [1]
7 189 [2]
1 151 [2]
307 518 [3]
371 605 [1]
355 642 [1]
219 733 [1]
2 253 [1]
44 224 [1]
0 254 [1]
95 377 [4]
52 216 [1]
60 226 [1]
16 556 [8]
8 626 [0]
56 430 [4]
49 304 [6]
4 627 [5]
39 512 [5]
49 681 [9]
4 592 [7]
350 718 [1]
120 656 [2]
112 634 [2]
464 680 [3]
365 611 [3]
282 680 [3]
387 604 [3]
67 746 [9]
173 581 [2]
230 726 [2]
434 741 [3]
194 679 [3]
0 408 [6]
71 528 [6]
31 453 [6]
372 654 [3]
112 392 [8]
88 177 [0]
7 430 [6]
2 97 [2]
160 583 [2]
98 487 [0]
34 512 [5]
92 224 [6]
24 220 [6]
10 39 [9]
3 39 [9]
144 384 [8]
143 797 [5]
8 250 [1]
66 202 [6]
10 283 [1]
111 556 [0]
34 117 [2]
26 181 [1]
106 494 [4]
50 678 [4]
454 663 [7]
1 622 [8]
19 553 [7]
200 705 [2]
511 681 [1]
88 410 [4]
83 390 [4]
270 608 [2]
269 628 [3]
410 773 [1]
131 583 [2]
304 544 [3]
1 349 [6]
29 324 [4]
68 160 [1]
49 786 [9]
424 595 [3]
182 772 [2]
111 693 [0]
56 416 [4]
68 390 [4]
68 177 [1]
21 633 [5]
21 543 [4]
3 292 [1]
94 208 [6]
5 551 [8]
204 773 [3]
308 585 [3]
141 761 [2]
66 183 [1]
273 698 [1]
53 287 [6]
4 270 [1]
63 257 [6]
61 176 [1]
352 668 [1]
34 692 [9]
1 657 [4]
7 206 [1]
57 165 [1]
505 728 [4]
7 663 [8]
20 718 [8]
170 642 [2]
12 735 [8]
509 679 [1]
431 757 [1]
84 361 [4]
90 289 [4]
312 616 [3]
184 746 [2]
353 559 [3]
6 601 [9]
223 783 [3]
114 723 [0]
22 624 [9]
26 795 [9]
163 781 [0]
7 194 [1]
62 171 [1]
6 685 [8]
161 792 [2]
31 98 [0]
12 365 [1]
299 728 [1]
26 553 [4]
81 508 [4]
11 432 [4]
120 700 [3]
11 395 [6]
57 436 [8]
177 583 [2]
93 584 [9]
78 602 [0]
354 601 [3]
134 713 [0]
72 259 [6]
36 170 [1]
34 165 [1]
12 398 [1]
45 754 [0]
228 518 [2]
20 306 [7]
131 753 [2]
20 382 [7]
370 743 [1]
339 520 [3]
101 622 [3]
291 435 [3]
101 605 [3]
165 759 [2]
216 783 [3]
374 731 [6]
12 789 [8]
32 584 [9]
67 661 [9]
31 285 [1]
27 218 [1]
1 51 [5]
68 276 [6]
15 341 [6]
52 110 [1]
11 198 [1]
1 150 [2]
30 744 [5]
444 744 [7]
167 320 [4]
317 746 [1]
22 209 [1]
60 100 [1]
15 208 [1]
7 255 [6]
25 185 [1]
674 744 [8]
82 707 [0]
15 389 [6]
45 347 [8]
21 299 [6]
301 656 [1]
430 526 [2]
132 797 [2]
288 514 [2]
123 713 [0]
102 674 [0]
4 601 [5]
72 245 [6]
5 761 [5]
117 755 [0]
133 642 [0]
96 714 [0]
83 781 [0]
436 705 [1]
45 572 [0]
66 388 [4]
65 381 [4]
165 756 [2]
240 623 [2]
201 625 [2]
153 763 [3]
0 309 [6]
15 223 [1]
9 222 [1]
61 231 [1]
123 260 [4]
141 799 [2]
34 336 [4]
17 780 [8]
64 404 [4]
168 395 [8]
66 136 [1]
4 185 [1]
64 136 [1]
319 731 [1]
3 305 [7]
4 626 [0]
8 764 [5]
93 757 [9]
82 695 [0]
138 645 [0]
2 93 [5]
7 51 [5]
41 194 [1]
380 757 [3]
421 757 [3]
267 556 [3]
5 69 [0]
396 659 [1]
17 259 [1]
364 750 [1]
46 565 [4]
43 370 [4]
42 129 [6]
429 512 [7]
373 666 [1]
392 715 [1]
109 726 [2]
366 691 [1]
87 595 [0]
21 401 [7]
83 362 [4]
108 394 [4]
72 523 [4]
114 523 [4]
1 379 [6]
378 750 [6]
255 723 [6]
374 686 [6]
330 792 [3]
283 704 [3]
243 790 [3]
1 493 [6]
12 784 [4]
10 523 [6]
411 694 [3]
0 628 [4]
358 457 [3]
323 721 [3]
64 192 [1]
107 300 [7]
55 265 [6]
80 793 [2]
142 627 [3]
51 492 [4]
246 749 [1]
29 216 [1]
17 640 [4]
208 342 [8]
141 796 [2]
168 446 [7]
38 553 [4]
164 701 [2]
9 714 [9]
28 762 [9]
60 761 [9]
103 759 [2]
12 296 [1]
131 156 [1]
29 695 [5]
48 153 [6]
93 279 [6]
12 28 [9]
0 28 [9]
12 726 [8]
10 674 [8]
149 748 [2]
121 746 [2]
53 177 [1]
27 213 [1]
47 179 [1]
715 776 [8]
75 717 [0]
126 796 [0]
168 705 [0]
79 786 [0]
82 771 [0]
2 401 [6]
4 317 [6]
12 425 [7]
11 454 [7]
463 757 [1]
390 665 [1]
70 394 [4]
133 618 [0]
133 572 [0]
509 779 [1]
296 692 [3]
304 664 [3]
393 646 [3]
265 647 [2]
337 572 [3]
4 497 [7]
227 645 [3]
254 759 [3]
330 735 [3]
286 638 [3]
1 340 [6]
3 385 [6]
1 407 [6]
1 641 [7]
255 532 [2]
148 321 [4]
2 80 [2]
132 744 [2]
104 795 [0]
18 210 [1]
182 221 [0]
237 784 [1]
197 259 [4]
43 197 [1]
60 162 [1]
62 741 [9]
206 632 [3]
4 190 [2]
420 676 [3]
7 152 [3]
26 574 [4]
12 377 [6]
0 32 [9]
8 781 [8]
128 254 [6]
106 668 [9]
363 729 [1]
96 208 [6]
77 169 [6]
91 751 [0]
66 756 [5]
255 790 [1]
29 289 [7]
63 398 [6]
50 522 [4]
607 777 [4]
207 661 [2]
8 76 [0]
114 761 [5]
41 791 [9]
75 702 [0]
10 209 [1]
413 636 [1]
4 702 [8]
20 794 [8]
96 626 [0]
64 750 [0]
0 116 [2]
146 778 [0]
21 736 [9]
212 693 [1]
25 763 [9]
44 695 [9]
19 182 [2]
81 746 [5]
16 581 [8]
99 758 [0]
285 665 [3]
111 575 [0]
5 293 [1]
37 261 [6]
81 784 [5]
1 80 [2]
542 634 [7]
71 606 [8]
342 624 [1]
6 524 [4]
70 627 [0]
31 672 [8]
60 287 [1]
46 777 [5]
1 28 [9]
4 649 [4]
0 740 [8]
155 501 [8]
155 333 [8]
97 609 [0]
4 520 [4]
202 650 [2]
237 645 [3]
16 251 [6]
40 513 [5]
17 131 [1]
63 296 [6]
100 638 [3]
221 687 [0]
251 646 [2]
456 702 [1]
137 779 [0]
106 168 [1]
264 776 [3]
147 693 [2]
373 611 [3]
430 671 [3]
356 756 [1]
4 758 [0]
249 763 [2]
132 707 [0]
59 696 [0]
21 171 [6]
152 383 [9]
9 722 [4]
5 719 [8]
191 311 [9]
91 697 [0]
47 379 [4]
101 632 [3]
307 767 [1]
28 609 [9]
184 749 [2]
464 682 [3]
404 619 [6]
34 233 [6]
142 765 [3]
3 533 [7]
118 663 [2]
19 293 [1]
103 137 [0]
30 210 [1]
410 675 [1]
647 745 [8]
685 765 [9]
97 677 [0]
121 268 [4]
106 600 [4]
12 286 [1]
218 255 [9]
72 233 [6]
121 178 [7]
5 781 [8]
124 663 [2]
221 754 [0]
2 586 [7]
559 696 [4]
54 710 [0]
333 704 [1]
241 743 [1]
49 239 [6]
17 164 [2]
24 769 [5]
269 797 [1]
182 723 [2]
215 737 [1]
25 226 [1]
43 790 [5]
20 536 [4]
75 207 [7]
7 540 [8]
492 785 [7]
144 664 [2]
17 454 [7]
256 719 [2]
281 778 [3]
1 375 [6]
96 632 [0]
167 787 [2]
162 663 [2]
364 564 [3]
312 649 [3]
240 754 [3]
352 700 [6]
100 716 [3]
10 219 [6]
414 696 [6]
7 142 [1]
94 131 [1]
4 584 [8]
21 440 [7]
31 118 [2]
69 251 [4]
2 682 [8]
7 557 [8]
91 575 [0]
4 76 [0]
113 668 [0]
138 733 [0]
113 702 [0]
731 740 [8]
154 702 [2]
57 202 [6]
531 662 [4]
288 754 [1]
3 599 [4]
67 387 [6]
633 683 [4]
7 132 [2]
12 90 [0]
342 631 [3]
154 771 [2]
247 352 [8]
2 190 [2]
129 329 [8]
215 634 [1]
74 397 [4]
147 598 [8]
3 99 [2]
220 606 [1]
69 260 [4]
17 775 [9]
31 298 [6]
10 409 [1]
14 322 [6]
61 183 [1]
189 736 [2]
497 509 [3]
56 463 [4]
404 773 [1]
223 511 [9]
6 760 [8]
242 619 [1]
60 216 [1]
54 185 [6]
21 455 [6]
21 775 [9]
54 579 [0]
372 552 [3]
134 414 [8]
11 640 [4]
16 558 [4]
4 362 [6]
106 603 [4]
62 716 [9]
52 379 [4]
39 679 [9]
11 598 [7]
174 697 [2]
226 581 [2]
198 777 [2]
176 765 [2]
159 767 [2]
274 513 [3]
267 644 [3]
184 705 [2]
3 241 [6]
290 634 [3]
269 487 [3]
150 686 [2]
6 79 [2]
2 157 [2]
137 736 [0]
76 636 [0]
27 235 [1]
5 742 [8]
161 762 [2]
37 310 [6]
244 608 [3]
44 266 [6]
47 364 [6]
301 514 [2]
78 778 [0]
46 413 [4]
46 187 [6]
2 712 [8]
4 699 [8]
65 743 [0]
10 320 [1]
82 784 [0]
125 656 [2]
4 78 [2]
16 172 [1]
6 212 [1]
197 750 [2]
70 173 [1]
9 489 [4]
213 334 [8]
216 302 [8]
67 281 [1]
365 742 [2]
607 691 [4]
500 731 [4]
108 773 [0]
21 240 [1]
2 645 [9]
34 485 [9]
62 732 [9]
27 626 [9]
62 770 [9]
44 698 [9]
9 795 [9]
25 761 [9]
244 543 [2]
129 377 [8]
274 543 [2]
85 276 [4]
678 770 [6]
281 449 [2]
4 789 [8]
275 656 [1]
319 568 [3]
420 772 [1]
121 209 [4]
315 636 [1]
17 227 [1]
4 194 [3]
14 444 [7]
149 551 [0]
92 379 [4]
59 357 [4]
321 552 [3]
216 636 [3]
283 775 [3]
171 764 [3]
453 686 [6]
319 724 [3]
222 791 [3]
3 260 [6]
253 718 [3]
232 718 [3]
2 397 [6]
138 512 [2]
174 385 [8]
63 693 [5]
97 731 [0]
36 698 [5]
16 209 [1]
4 435 [8]
88 676 [0]
235 359 [8]
97 366 [8]
6 282 [6]
57 633 [0]
337 707 [3]
43 766 [5]
40 686 [5]
13 225 [1]
45 694 [0]
10 360 [1]
51 748 [5]
151 762 [2]
7 63 [5]
49 512 [5]
215 726 [3]
221 608 [0]
2 413 [6]
377 679 [1]
48 687 [5]
593 785 [4]
13 503 [4]
123 321 [7]
75 317 [7]
96 602 [0]
104 759 [0]
38 554 [9]
341 601 [1]
24 136 [1]
276 711 [2]
32 743 [9]
36 724 [9]
2 729 [9]
35 732 [9]
44 696 [9]
21 790 [9]
9 765 [9]
285 336 [9]
34 265 [1]
123 571 [8]
44 615 [4]
169 700 [3]
140 407 [9]
166 312 [8]
3 32 [9]
11 444 [4]
182 288 [8]
12 728 [3]
54 110 [1]
17 494 [4]
247 448 [9]
249 595 [2]
509 568 [1]
472 668 [1]
473 624 [1]
163 554 [0]
110 631 [0]
143 307 [4]
130 355 [4]
205 773 [3]
223 636 [3]
230 764 [3]
120 314 [8]
253 733 [3]
301 597 [2]
0 150 [2]
455 581 [3]
30 731 [5]
96 509 [8]
98 283 [7]
7 437 [6]
8 348 [6]
115 600 [8]
60 166 [1]
82 462 [8]
26 511 [4]
424 749 [1]
301 621 [2]
75 275 [4]
424 723 [1]
537 777 [1]
302 606 [1]
36 769 [5]
625 727 [8]
24 105 [6]
8 303 [6]
108 795 [0]
10 38 [5]
140 156 [6]
62 101 [6]
389 634 [1]
364 623 [3]
53 452 [8]
571 643 [3]
3 174 [3]
150 788 [2]
230 438 [8]
392 689 [1]
34 477 [4]
28 668 [9]
337 578 [2]
237 662 [1]
319 606 [1]
393 776 [1]
454 788 [7]
82 697 [0]
171 660 [2]
363 760 [1]
17 233 [1]
75 743 [0]
404 781 [1]
130 623 [0]
3 142 [3]
4 711 [4]
764 798 [7]
126 685 [0]
88 751 [0]
524 759 [7]
3 721 [8]
25 729 [9]
83 633 [0]
25 765 [9]
133 535 [8]
7 191 [1]
571 604 [3]
6 272 [1]
71 388 [6]
13 331 [6]
18 154 [1]
20 325 [7]
218 457 [2]
147 639 [0]
173 769 [2]
339 564 [3]
345 573 [3]
174 686 [2]
357 548 [3]
187 624 [3]
445 756 [6]
0 208 [3]
117 760 [0]
49 697 [5]
113 556 [0]
210 601 [3]
163 780 [0]
137 775 [0]
87 706 [0]
122 697 [0]
23 167 [1]
11 203 [1]
409 794 [3]
151 784 [2]
59 770 [0]
157 369 [8]
338 513 [1]
129 381 [9]
28 755 [9]
170 693 [2]
40 595 [5]
127 196 [6]
97 140 [6]
94 405 [4]
74 442 [4]
0 585 [8]
160 704 [2]
138 142 [7]
52 511 [4]
18 536 [8]
353 487 [1]
7 446 [1]
204 763 [3]
149 788 [2]
362 497 [3]
498 791 [4]
202 363 [8]
191 427 [9]
52 637 [4]
160 764 [2]
276 602 [3]
157 729 [2]
143 214 [6]
1 123 [0]
87 262 [6]
19 32 [9]
11 758 [9]
28 787 [9]
35 583 [9]
9 799 [9]
22 485 [9]
22 755 [9]
11 626 [9]
58 348 [7]
175 371 [8]
182 791 [2]
126 320 [7]
475 717 [7]
6 311 [6]
471 633 [4]
300 715 [3]
208 552 [2]
282 546 [2]
54 665 [0]
282 644 [2]
127 663 [0]
6 780 [8]
88 444 [8]
23 454 [4]
192 632 [2]
19 382 [7]
362 629 [1]
134 774 [0]
26 420 [7]
66 373 [4]
84 397 [4]
10 352 [6]
391 744 [6]
222 775 [3]
140 770 [3]
171 737 [3]
2 685 [8]
149 770 [2]
76 710 [0]
126 584 [0]
97 745 [0]
24 796 [5]
4 603 [6]
3 608 [8]
397 457 [3]
3 629 [8]
45 785 [2]
125 662 [2]
0 80 [2]
163 662 [2]
194 357 [9]
326 619 [1]
94 503 [4]
164 291 [4]
9 631 [9]
59 762 [0]
42 633 [0]
88 524 [8]
53 640 [4]
7 355 [6]
323 792 [1]
503 769 [7]
136 270 [7]
168 206 [4]
49 406 [4]
295 380 [2]
391 507 [3]
55 185 [6]
4 670 [8]
143 480 [8]
215 519 [2]
301 724 [1]
304 560 [3]
0 123 [0]
423 750 [7]
84 166 [6]
23 403 [6]
308 696 [1]
315 698 [1]
197 701 [2]
51 144 [1]
7 352 [6]
276 688 [3]
145 788 [3]
313 363 [9]
269 661 [3]
6 193 [1]
2 737 [9]
152 626 [3]
53 282 [6]
28 222 [1]
232 450 [9]
359 429 [2]
21 223 [1]
106 182 [1]
84 174 [1]
6 734 [9]
33 322 [6]
89 511 [8]
1 210 [3]
44 205 [1]
160 634 [2]
1 545 [7]
367 771 [1]
474 696 [4]
1 191 [3]
2 723 [1]
292 633 [1]
3 626 [0]
3 704 [0]
77 222 [6]
90 185 [6]
4 761 [5]
378 638 [1]
228 779 [2]
379 794 [1]
59 404 [4]
180 760 [2]
311 621 [3]
396 580 [3]
255 633 [6]
482 601 [6]
3 482 [6]
291 793 [3]
188 698 [3]
18 200 [1]
17 149 [2]
237 647 [3]
246 740 [3]
2 277 [6]
33 141 [2]
26 700 [5]
90 302 [4]
72 166 [1]
421 608 [3]
3 69 [0]
10 64 [0]
1 153 [1]
2 290 [1]
179 420 [8]
88 464 [7]
229 759 [1]
31 294 [1]
15 335 [7]
94 277 [4]
104 212 [7]
92 237 [7]
92 305 [8]
100 350 [9]
319 693 [1]
16 403 [6]
123 407 [4]
10 670 [8]
164 443 [8]
0 87 [2]
2 236 [3]
17 302 [6]
352 727 [1]
16 359 [7]
55 110 [1]
258 650 [2]
14 491 [8]
3 661 [8]
78 777 [0]
456 613 [1]
65 574 [8]
367 648 [2]
5 619 [4]
0 599 [4]
88 707 [0]
10 75 [0]
1 156 [5]
91 778 [0]
59 172 [6]
365 669 [0]
238 388 [8]
67 287 [1]
38 171 [6]
496 658 [3]
28 522 [4]
34 724 [9]
18 732 [9]
22 773 [9]
376 549 [2]
10 471 [4]
49 292 [7]
88 168 [0]
80 675 [2]
11 251 [6]
270 779 [2]
88 679 [0]
263 484 [2]
25 682 [9]
138 658 [0]
268 621 [2]
130 319 [7]
401 696 [1]
76 205 [7]
10 177 [2]
97 188 [7]
231 568 [2]
192 568 [2]
6 368 [7]
406 743 [1]
155 291 [4]
496 555 [2]
106 728 [5]
70 181 [1]
13 662 [9]
44 630 [9]
62 744 [9]
74 306 [8]
62 290 [1]
180 311 [9]
345 546 [2]
101 602 [3]
94 630 [5]
356 676 [3]
64 744 [5]
197 556 [0]
52 710 [9]
175 736 [0]
96 793 [0]
18 411 [7]
21 577 [4]
56 356 [7]
362 632 [1]
338 792 [1]
45 589 [0]
41 563 [7]
158 660 [2]
11 492 [7]
67 522 [4]
185 332 [8]
226 491 [2]
12 339 [6]
13 619 [9]
3 44 [9]
18 606 [5]
53 415 [4]
364 765 [1]
21 208 [1]
56 242 [6]
91 140 [6]
320 647 [3]
220 658 [3]
147 272 [7]
154 472 [9]
37 750 [0]
116 292 [7]
86 440 [4]
364 676 [3]
34 317 [6]
58 734 [5]
207 733 [3]
52 362 [7]
262 727 [3]
327 656 [3]
174 584 [2]
316 667 [3]
438 605 [3]
255 483 [3]
82 386 [4]
37 346 [4]
134 292 [4]
224 390 [9]
473 589 [1]
81 698 [5]
2 585 [8]
2 721 [8]
7 623 [8]
2 699 [8]
35 145 [1]
13 658 [8]
410 707 [1]
66 159 [1]
117 666 [0]
198 404 [8]
218 778 [3]
0 38 [5]
58 289 [4]
125 234 [7]
138 367 [4]
16 283 [1]
434 581 [3]
12 132 [2]
90 309 [4]
251 776 [1]
612 663 [7]
34 665 [9]
21 689 [9]
17 776 [9]
16 619 [9]
13 204 [1]
7 694 [8]
134 666 [0]
456 614 [3]
126 366 [8]
30 723 [5]
304 796 [1]
62 222 [1]
655 725 [7]
0 492 [7]
105 758 [3]
131 464 [4]
25 721 [9]
35 188 [1]
164 719 [0]
46 496 [6]
164 596 [0]
426 717 [1]
423 608 [1]
134 595 [0]
11 429 [7]
121 726 [2]
152 742 [2]
25 591 [4]
10 227 [1]
91 370 [8]
162 338 [9]
46 377 [7]
9 287 [1]
5 357 [6]
53 197 [1]
372 610 [3]
115 717 [0]
44 290 [1]
321 691 [1]
125 771 [2]
304 489 [0]
250 704 [1]
12 455 [6]
263 718 [3]
7 322 [6]
241 270 [9]
21 234 [6]
170 716 [2]
6 124 [2]
256 329 [9]
28 185 [1]
213 510 [9]
4 332 [6]
106 172 [1]
274 585 [3]
117 454 [8]
2 715 [8]
216 728 [3]
270 716 [3]
0 239 [3]
222 703 [3]
327 636 [3]
265 713 [3]
173 663 [2]
286 625 [2]
255 544 [3]
100 625 [2]
172 710 [2]
68 432 [4]
27 223 [1]
81 149 [1]
12 388 [6]
186 476 [8]
76 407 [4]
368 704 [6]
286 350 [9]
537 583 [1]
395 547 [2]
238 686 [3]
110 473 [8]
417 605 [1]
86 348 [7]
46 701 [5]
147 429 [8]
186 440 [8]
50 377 [4]
2 624 [8]
35 327 [1]
106 232 [6]
572 700 [4]
58 276 [6]
76 196 [7]
272 457 [0]
68 306 [8]
11 323 [7]
74 642 [9]
95 663 [5]
700 733 [8]
179 442 [9]
82 321 [4]
1 62 [9]
133 218 [7]
35 727 [9]
5 370 [7]
169 271 [4]
94 530 [8]
335 562 [3]
155 342 [4]
73 303 [4]
296 770 [1]
74 374 [7]
9 647 [9]
127 606 [0]
148 441 [8]
15 481 [7]
133 746 [2]
129 721 [2]
110 726 [2]
215 676 [3]
176 389 [8]
265 484 [2]
63 273 [6]
13 403 [6]
203 304 [4]
0 282 [1]
27 216 [1]
0 177 [2]
296 723 [1]
60 617 [9]
49 397 [4]
59 162 [1]
180 369 [9]
6 439 [4]
122 278 [4]
177 340 [4]
68 485 [5]
53 638 [5]
0 180 [3]
111 638 [0]
375 667 [3]
278 474 [2]
112 253 [4]
77 237 [7]
131 155 [7]
3 676 [8]
19 608 [8]
41 540 [8]
377 656 [6]
426 797 [6]
67 88 [2]
227 691 [3]
185 627 [3]
159 666 [2]
201 672 [2]
359 451 [3]
330 605 [3]
135 764 [2]
112 687 [2]
249 634 [2]
65 384 [4]
165 335 [8]
123 553 [8]
125 252 [7]
430 668 [1]
298 627 [1]
33 271 [6]
10 419 [4]
318 560 [3]
219 708 [2]
2 711 [4]
76 116 [0]
237 377 [9]
136 700 [3]
263 332 [8]
17 301 [6]
609 663 [8]
99 487 [0]
122 251 [4]
72 383 [8]
387 542 [2]
25 570 [4]
79 623 [0]
11 458 [4]
224 672 [3]
361 614 [3]
231 380 [8]
20 404 [6]
68 703 [5]
87 464 [7]
43 292 [6]
3 213 [3]
275 281 [9]
229 556 [3]
150 729 [2]
104 181 [1]
1 225 [1]
102 366 [8]
172 655 [9]
101 680 [2]
278 514 [2]
76 450 [8]
55 686 [5]
187 568 [2]
2 181 [3]
277 506 [3]
150 212 [4]
326 647 [3]
17 213 [1]
254 449 [2]
178 516 [2]
10 16 [9]
45 430 [8]
2 105 [3]
253 694 [3]
588 698 [4]
163 404 [8]
60 271 [6]
47 178 [6]
81 642 [5]
319 615 [2]
246 410 [9]
70 316 [7]
65 701 [0]
36 732 [9]
74 626 [5]
43 739 [5]
82 787 [0]
130 660 [0]
12 623 [8]
11 262 [1]
329 641 [3]
2 266 [6]
20 84 [0]
45 635 [0]
166 706 [2]
54 371 [4]
83 339 [7]
365 666 [3]
140 696 [3]
95 183 [1]
376 679 [1]
17 224 [1]
556 739 [8]
111 185 [7]
397 702 [1]
20 317 [6]
284 700 [1]
413 741 [1]
29 243 [6]
102 255 [4]
8 401 [6]
152 628 [2]
366 568 [1]
0 297 [6]
1 668 [8]
29 225 [6]
121 629 [0]
184 233 [4]
333 797 [1]
19 323 [6]
1 760 [8]
405 560 [1]
609 778 [8]
430 573 [3]
250 487 [3]
320 573 [3]
309 710 [1]
135 528 [8]
201 482 [9]
409 662 [1]
12 778 [8]
0 262 [3]
2 706 [5]
397 574 [2]
241 661 [3]
8 528 [6]
169 364 [4]
47 283 [6]
220 501 [5]
429 748 [6]
33 421 [6]
10 142 [3]
76 115 [0]
19 94 [5]
197 278 [4]
3 291 [1]
323 763 [1]
510 580 [1]
112 362 [9]
0 285 [3]
144 406 [9]
30 222 [6]
22 708 [4]
218 304 [8]
4 106 [5]
53 358 [4]
343 627 [1]
415 734 [6]
6 191 [1]
4 445 [6]
77 586 [8]
191 468 [9]
53 704 [5]
280 748 [3]
6 167 [3]
17 194 [1]
405 459 [3]
3 720 [4]
23 238 [1]
23 490 [4]
352 485 [1]
199 294 [8]
44 138 [2]
198 307 [8]
275 661 [3]
159 178 [4]
189 581 [0]
453 707 [1]
56 767 [5]
129 662 [3]
384 749 [6]
19 414 [6]
10 69 [0]
293 463 [0]
69 344 [6]
13 428 [4]
367 556 [3]
274 701 [1]
127 466 [8]
107 404 [8]
156 731 [5]
68 535 [4]
388 755 [1]
27 723 [9]
40 758 [5]
54 263 [6]
36 346 [4]
350 688 [1]
439 560 [1]
274 746 [1]
391 740 [1]
445 666 [1]
191 744 [3]
289 627 [6]
120 760 [2]
60 169 [1]
378 561 [3]
112 292 [4]
6 776 [9]
137 199 [6]
76 178 [7]
9 665 [9]
327 608 [2]
39 507 [4]
41 604 [8]
70 734 [0]
15 84 [0]
144 687 [2]
244 762 [1]
203 331 [4]
393 777 [1]
207 580 [2]
162 381 [8]
70 736 [0]
630 720 [4]
77 326 [7]
74 119 [1]
23 359 [7]
12 677 [8]
20 674 [8]
27 614 [8]
74 776 [5]
100 552 [2]
74 265 [6]
6 239 [1]
19 774 [8]
198 412 [9]
53 161 [1]
120 325 [5]
11 428 [4]
130 535 [8]
1 717 [8]
10 23 [9]
122 301 [4]
60 403 [7]
71 488 [4]
166 761 [2]
130 568 [0]
535 625 [1]
525 688 [1]
277 560 [1]
1 395 [6]
1 359 [6]
41 432 [7]
154 396 [8]
100 667 [2]
203 436 [9]
413 654 [3]
363 477 [2]
53 734 [5]
280 304 [4]
411 637 [2]
18 782 [4]
93 192 [1]
6 70 [0]
138 598 [8]
6 458 [4]
677 764 [8]
147 253 [4]
134 329 [8]
2 391 [6]
188 629 [2]
74 154 [1]
244 694 [3]
63 424 [6]
40 443 [4]
106 504 [4]
38 742 [9]
297 787 [1]
98 154 [1]
28 678 [4]
74 696 [5]
263 716 [3]
3 366 [6]
257 630 [3]
120 799 [2]
363 650 [3]
163 395 [4]
59 499 [4]
68 736 [5]
315 432 [0]
229 725 [1]
210 775 [3]
266 417 [2]
81 463 [4]
68 195 [1]
2 260 [6]
10 733 [8]
20 111 [2]
73 799 [5]
228 337 [4]
262 499 [9]
95 199 [6]
204 739 [3]
291 728 [1]
2 251 [6]
106 363 [7]
22 199 [1]
68 686 [5]
5 290 [1]
172 244 [4]
83 634 [0]
1 66 [0]
202 464 [4]
89 265 [6]
92 788 [0]
338 475 [3]
6 286 [1]
27 768 [4]
156 775 [5]
161 658 [0]
151 205 [7]
250 711 [2]
0 160 [2]
79 310 [7]
53 279 [6]
38 233 [6]
46 786 [9]
243 670 [3]
298 545 [2]
1 92 [0]
13 45 [2]
78 239 [6]
12 606 [5]
180 555 [2]
130 632 [0]
22 734 [9]
509 724 [1]
408 780 [1]
5 768 [7]
144 366 [9]
34 137 [2]
16 458 [4]
610 766 [4]
105 749 [3]
250 619 [1]
60 381 [7]
107 489 [8]
276 784 [1]
236 455 [4]
159 226 [7]
106 404 [7]
46 270 [6]
2 196 [1]
7 286 [1]
143 700 [0]
397 605 [1]
104 422 [8]
0 465 [4]
2 54 [0]
40 626 [5]
371 759 [6]
128 796 [0]
17 142 [1]
28 206 [6]
222 316 [9]
0 230 [3]
197 283 [7]
84 729 [0]
9 295 [4]
200 744 [2]
467 536 [1]
421 645 [1]
191 258 [8]
0 338 [6]
314 748 [1]
140 772 [3]
239 765 [3]
310 687 [3]
173 705 [2]
162 670 [2]
162 699 [2]
231 608 [2]
430 502 [3]
312 618 [3]
145 777 [2]
374 709 [3]
430 469 [3]
44 144 [1]
21 306 [4]
35 615 [4]
75 776 [0]
6 262 [1]
44 226 [1]
128 663 [0]
139 710 [5]
339 703 [1]
27 70 [0]
372 742 [1]
166 509 [8]
751 799 [8]
221 296 [7]
117 272 [6]
63 437 [7]
0 490 [4]
8 388 [6]
388 777 [1]
119 629 [0]
28 630 [9]
128 193 [7]
385 559 [2]
4 536 [4]
103 315 [4]
90 745 [0]
156 793 [5]
39 424 [6]
10 58 [5]
71 359 [6]
438 485 [1]
44 112 [1]
84 183 [6]
102 330 [7]
146 634 [0]
319 695 [1]
545 584 [7]
322 526 [2]
6 725 [9]
298 741 [1]
31 342 [6]
43 264 [6]
236 450 [9]
39 450 [7]
48 771 [0]
41 697 [9]
12 731 [8]
83 254 [7]
36 750 [5]
387 417 [0]
236 339 [4]
221 293 [7]
25 275 [7]
111 530 [8]
390 789 [1]
441 632 [1]
603 681 [1]
23 489 [7]
12 481 [7]
51 703 [5]
4 283 [1]
297 691 [1]
269 725 [1]
111 320 [7]
144 298 [8]
219 767 [1]
3 68 [5]
49 501 [4]
1 162 [3]
6 140 [1]
374 691 [1]
13 207 [1]
152 606 [3]
62 383 [4]
12 424 [1]
342 626 [1]
93 136 [1]
55 788 [5]
156 530 [8]
182 394 [8]
58 788 [5]
222 579 [3]
82 791 [0]
104 176 [6]
10 546 [7]
68 202 [1]
18 303 [7]
247 394 [8]
156 787 [5]
19 715 [8]
136 389 [4]
166 445 [8]
287 725 [3]
187 579 [3]
178 485 [3]
27 107 [2]
290 687 [3]
406 701 [6]
152 642 [2]
120 705 [2]
179 717 [2]
322 500 [3]
278 605 [3]
339 719 [3]
387 513 [3]
455 753 [3]
133 395 [4]
75 303 [4]
186 453 [4]
21 441 [7]
370 513 [1]
33 311 [6]
192 374 [8]
93 480 [4]
12 585 [8]
15 581 [8]
7 588 [4]
537 542 [2]
56 259 [6]
17 357 [7]
215 577 [0]
66 257 [7]
389 631 [3]
2 365 [1]
386 677 [1]
19 254 [1]
75 339 [7]
4 99 [2]
188 560 [2]
282 785 [1]
458 712 [1]
206 512 [1]
375 607 [3]
59 319 [7]
430 665 [1]
312 488 [2]
0 711 [4]
65 409 [7]
257 662 [1]
255 752 [1]
212 345 [9]
20 568 [8]
50 523 [4]
30 730 [8]
8 255 [6]
46 350 [4]
23 235 [1]
646 662 [4]
37 765 [5]
2 291 [1]
36 166 [1]
63 327 [6]
228 439 [9]
127 424 [7]
111 266 [4]
453 665 [1]
19 629 [8]
229 408 [0]
210 258 [8]
81 406 [4]
453 794 [1]
190 446 [4]
59 290 [6]
79 467 [8]
51 100 [6]
156 320 [7]
5 428 [7]
198 651 [2]
4 476 [7]
41 538 [7]
6 547 [7]
3 703 [8]
28 735 [9]
2 785 [6]
16 354 [1]
462 540 [3]
219 766 [1]
307 533 [2]
95 466 [4]
205 637 [5]
1 37 [0]
2 296 [1]
221 291 [7]
309 787 [1]
204 291 [4]
65 215 [7]
540 756 [4]
492 597 [1]
296 556 [3]
233 707 [3]
5 446 [1]
106 476 [8]
0 159 [3]
4 767 [5]
24 199 [6]
127 633 [0]
124 203 [7]
139 695 [0]
16 270 [1]
25 421 [6]
95 159 [1]
48 512 [0]
120 209 [4]
287 517 [2]
314 617 [3]
30 553 [8]
7 328 [6]
98 729 [0]
22 799 [9]
232 679 [3]
375 785 [6]
232 703 [3]
478 739 [6]
240 724 [3]
240 701 [3]
187 724 [3]
140 737 [3]
238 733 [2]
75 395 [4]
1 213 [3]
426 519 [3]
222 340 [9]
258 352 [9]
574 787 [7]
100 346 [5]
32 191 [1]
69 609 [5]
49 766 [5]
328 635 [3]
175 729 [0]
133 394 [4]
16 142 [1]
285 609 [2]
56 766 [5]
28 214 [1]
98 179 [6]
351 674 [3]
186 763 [0]
0 138 [2]
317 613 [3]
389 591 [2]
183 328 [4]
69 656 [0]
22 332 [6]
288 759 [1]
213 512 [3]
145 356 [4]
63 480 [4]
369 554 [1]
500 693 [4]
7 337 [6]
42 613 [5]
107 435 [0]
221 300 [7]
3 141 [2]
153 364 [8]
151 763 [2]
3 155 [2]
317 397 [0]
472 588 [3]
1 497 [7]
6 363 [7]
75 115 [0]
10 218 [3]
12 609 [8]
20 211 [3]
217 595 [0]
371 726 [1]
600 666 [1]
156 480 [4]
358 488 [3]
172 600 [9]
3 549 [4]
514 535 [1]
164 309 [4]
70 212 [7]
44 448 [4]
496 778 [1]
10 653 [4]
74 293 [6]
259 640 [5]
292 539 [2]
366 741 [1]
430 716 [1]
15 207 [1]
404 579 [1]
63 687 [5]
14 53 [5]
6 344 [1]
220 352 [9]
239 762 [3]
677 778 [8]
20 482 [7]
0 13 [9]
3 459 [7]
82 790 [0]
499 693 [6]
509 725 [6]
384 633 [6]
0 603 [6]
0 391 [6]
600 788 [6]
4 340 [6]
348 749 [6]
394 671 [3]
59 453 [4]
126 404 [4]
127 482 [4]
115 388 [4]
48 373 [4]
48 374 [4]
146 404 [4]
48 528 [4]
75 359 [4]
545 695 [7]
21 671 [9]
11 104 [0]
228 277 [9]
4 116 [2]
58 229 [6]
179 366 [8]
88 354 [6]
24 631 [5]
16 235 [1]
9 199 [1]
21 622 [9]
117 412 [8]
4 118 [2]
81 378 [7]
232 266 [8]
19 132 [2]
51 103 [1]
27 684 [8]
5 560 [8]
19 315 [6]
4 315 [6]
396 481 [2]
35 518 [8]
99 421 [4]
226 560 [2]
161 321 [4]
251 548 [2]
18 768 [4]
93 487 [5]
106 295 [8]
146 428 [8]
198 478 [9]
253 546 [2]
25 212 [6]
281 470 [5]
275 444 [0]
40 166 [1]
36 523 [4]
23 483 [4]
377 702 [1]
150 674 [0]
398 526 [2]
250 616 [2]
13 249 [3]
93 182 [1]
332 594 [2]
252 390 [5]
393 538 [0]
555 787 [4]
2 247 [3]
161 242 [4]
6 619 [9]
0 118 [2]
60 316 [7]
489 585 [1]
504 647 [1]
2 467 [7]
144 660 [2]
17 416 [7]
8 796 [8]
56 706 [5]
24 706 [5]
63 732 [5]
30 166 [1]
58 173 [1]
0 189 [2]
23 134 [2]
36 552 [8]
27 163 [2]
8 184 [3]
1 141 [2]
59 148 [1]
126 411 [4]
222 306 [5]
50 162 [1]
10 649 [4]
5 570 [4]
2 616 [4]
15 540 [4]
38 757 [9]
114 526 [8]
405 711 [3]
296 554 [2]
139 375 [4]
43 349 [4]
69 311 [4]
201 403 [8]
113 362 [8]
89 392 [4]
180 324 [9]
2 648 [7]
508 745 [6]
45 463 [8]
252 406 [5]
217 645 [2]
1 31 [3]
159 252 [4]
83 283 [7]
486 704 [1]
52 409 [6]
369 762 [6]
319 789 [3]
313 789 [3]
240 687 [3]
3 395 [6]
3 311 [6]
386 695 [6]
3 334 [6]
129 752 [2]
434 513 [3]
267 664 [3]
15 326 [1]
475 630 [7]
235 414 [9]
25 406 [7]
0 459 [7]
0 507 [7]
566 739 [7]
12 308 [6]
514 598 [1]
49 129 [1]
449 697 [4]
229 749 [1]
128 603 [4]
20 196 [1]
4 266 [6]
4 357 [6]
15 719 [8]
12 581 [8]
4 334 [6]
9 462 [7]
81 103 [1]
121 764 [2]
354 410 [9]
94 201 [1]
243 390 [5]
7 131 [3]
263 482 [9]
24 107 [1]
133 211 [6]
183 565 [5]
70 467 [8]
398 644 [2]
58 346 [4]
20 570 [4]
50 468 [4]
7 389 [6]
563 785 [7]
74 427 [4]
58 347 [4]
0 59 [0]
77 270 [6]
392 793 [1]
254 455 [8]
359 423 [2]
267 281 [8]
2 427 [7]
83 171 [7]
292 499 [0]
41 782 [4]
302 737 [1]
63 336 [4]
79 581 [0]
44 230 [1]
59 264 [6]
10 127 [0]
25 305 [8]
600 718 [1]
8 417 [7]
202 693 [3]
195 297 [8]
167 331 [4]
315 689 [1]
16 332 [6]
111 264 [7]
34 476 [4]
115 282 [7]
87 164 [0]
351 495 [2]
124 363 [8]
483 598 [3]
81 542 [8]
118 369 [8]
167 693 [3]
363 789 [1]
344 629 [2]
52 555 [8]
41 108 [0]
682 782 [1]
94 567 [4]
1 258 [1]
2 393 [6]
19 400 [6]
183 652 [0]
10 206 [1]
133 336 [8]
84 322 [4]
10 500 [4]
87 366 [8]
1 561 [4]
326 750 [1]
268 338 [5]
128 600 [4]
256 330 [8]
245 531 [0]
2 408 [7]
172 603 [9]
151 375 [8]
282 738 [2]
275 773 [1]
92 413 [4]
15 400 [6]
209 687 [3]
473 790 [6]
180 784 [3]
176 647 [2]
309 652 [3]
364 589 [3]
309 611 [3]
288 616 [3]
66 386 [4]
23 321 [6]
10 249 [3]
120 403 [8]
39 258 [6]
194 374 [9]
87 344 [7]
67 440 [7]
35 369 [7]
0 36 [5]
7 625 [8]
130 359 [4]
694 767 [8]
3 579 [8]
3 710 [8]
174 324 [9]
67 175 [2]
92 377 [4]
21 480 [4]
200 645 [2]
343 669 [2]
236 595 [0]
73 233 [6]
87 296 [7]
26 328 [6]
22 541 [4]
61 162 [1]
203 644 [0]
7 212 [1]
165 611 [0]
32 507 [4]
45 427 [8]
119 139 [1]
536 729 [4]
40 737 [5]
126 375 [8]
116 187 [7]
266 627 [1]
83 200 [6]
52 667 [8]
10 541 [7]
30 792 [9]
9 294 [6]
189 319 [4]
517 627 [4]
51 467 [4]
21 603 [7]
17 281 [1]
1 331 [1]
175 272 [6]
72 179 [1]
4 148 [3]
53 416 [4]
95 689 [5]
33 53 [5]
75 706 [0]
51 636 [5]
15 108 [0]
168 522 [9]
358 715 [1]
151 643 [0]
482 715 [1]
7 347 [7]
144 568 [2]
77 754 [5]
73 761 [5]
67 145 [1]
179 381 [8]
302 485 [1]
235 725 [3]
394 504 [0]
40 336 [4]
329 699 [1]
133 238 [6]
4 174 [3]
93 325 [8]
238 371 [9]
428 796 [7]
200 675 [2]
146 274 [7]
164 193 [7]
292 796 [1]
23 257 [6]
444 662 [7]
257 512 [1]
57 304 [7]
223 424 [8]
94 427 [4]
143 251 [7]
412 700 [6]
71 107 [2]
1 451 [4]
5 633 [2]
89 776 [0]
395 460 [0]
64 447 [4]
94 173 [1]
530 651 [1]
9 249 [1]
369 770 [6]
525 689 [6]
287 775 [3]
10 405 [6]
335 728 [6]
33 259 [1]
277 750 [6]
230 623 [2]
159 786 [2]
145 487 [2]
112 630 [2]
486 555 [3]
239 647 [2]
322 650 [3]
90 329 [4]
90 384 [4]
84 478 [4]
221 323 [4]
84 377 [4]
90 392 [4]
389 459 [2]
329 636 [1]
233 653 [2]
164 504 [9]
18 272 [1]
218 695 [3]
89 763 [0]
10 398 [1]
2 318 [6]
6 77 [0]
179 226 [7]
375 411 [0]
110 396 [8]
2 87 [2]
107 274 [4]
250 497 [0]
71 149 [2]
4 343 [6]
20 104 [0]
1 792 [8]
2 399 [7]
261 509 [5]
54 796 [0]
5 491 [4]
128 172 [6]
19 168 [2]
79 245 [7]
47 519 [8]
292 586 [2]
80 400 [4]
165 652 [0]
5 614 [4]
177 258 [4]
107 318 [4]
93 190 [1]
86 535 [4]
223 241 [8]
1 737 [9]
46 162 [1]
94 159 [1]
243 685 [3]
10 257 [1]
66 368 [8]
23 304 [6]
85 460 [8]
31 91 [2]
3 35 [9]
10 458 [7]
189 300 [4]
1 147 [2]
40 790 [5]
46 408 [4]
372 434 [0]
221 535 [8]
288 547 [0]
94 346 [4]
305 311 [2]
276 745 [1]
123 225 [7]
52 705 [9]
4 499 [7]
6 448 [7]
382 434 [0]
4 84 [0]
111 275 [4]
14 633 [9]
39 198 [1]
35 622 [8]
476 680 [1]
81 687 [5]
0 15 [3]
164 611 [0]
170 682 [0]
600 623 [1]
335 642 [1]
371 718 [1]
125 629 [0]
56 276 [7]
127 539 [8]
43 467 [4]
205 366 [9]
20 309 [6]
27 209 [1]
0 164 [2]
391 577 [2]
83 367 [7]
55 211 [1]
65 342 [4]
102 274 [7]
18 283 [6]
27 386 [7]
96 341 [4]
172 728 [3]
94 447 [4]
104 373 [4]
51 166 [1]
84 696 [0]
225 337 [8]
146 401 [4]
75 343 [4]
3 193 [1]
421 506 [2]
66 773 [5]
12 573 [8]
71 457 [8]
8 537 [6]
54 233 [7]
354 725 [3]
35 532 [4]
14 77 [0]
78 388 [4]
137 426 [8]
243 724 [3]
10 345 [6]
329 750 [6]
180 656 [3]
205 579 [3]
214 789 [2]
335 512 [6]
201 765 [2]
302 667 [3]
395 557 [3]
455 651 [3]
145 735 [2]
308 774 [3]
49 200 [1]
331 369 [5]
35 503 [4]
30 427 [4]
227 362 [5]
209 338 [5]
232 346 [5]
1 621 [4]
300 388 [5]
4 219 [6]
273 593 [2]
40 162 [1]
118 224 [7]
12 78 [2]
171 484 [2]
135 544 [0]
8 243 [1]
51 157 [1]
105 424 [4]
227 381 [5]
2 323 [6]
77 695 [0]
1 679 [8]
70 188 [6]
3 767 [5]
63 212 [6]
1 43 [5]
106 446 [6]
0 192 [3]
241 554 [3]
196 793 [3]
169 659 [2]
1 732 [8]
0 386 [6]
384 549 [3]
223 525 [9]
0 194 [3]
603 748 [6]
289 692 [1]
405 770 [6]
662 669 [7]
400 742 [3]
385 709 [3]
254 579 [3]
3 128 [0]
180 291 [8]
9 425 [4]
64 438 [7]
72 393 [7]
115 281 [7]
8 280 [3]
84 336 [8]
282 418 [2]
26 519 [8]
71 245 [1]
3 535 [7]
113 366 [8]
496 519 [2]
250 466 [0]
198 320 [8]
133 418 [5]
257 549 [2]
423 469 [1]
10 84 [0]
51 344 [6]
277 637 [2]
63 166 [1]
8 246 [1]
95 452 [8]
156 261 [6]
165 209 [4]
31 171 [1]
338 637 [2]
206 471 [2]
112 293 [4]
88 366 [8]
748 774 [4]
2 46 [5]
114 293 [7]
42 207 [6]
81 344 [6]
95 367 [7]
301 703 [1]
208 775 [3]
411 650 [3]
141 340 [4]
84 619 [0]
439 512 [7]
252 575 [3]
31 631 [8]
84 158 [6]
46 610 [9]
4 394 [6]
0 659 [8]
303 699 [1]
587 701 [7]
126 267 [4]
73 405 [4]
235 350 [9]
43 131 [1]
130 326 [7]
57 152 [6]
45 211 [6]
51 236 [1]
74 207 [6]
40 670 [5]
462 575 [1]
63 181 [1]
88 273 [7]
220 717 [3]
215 493 [0]
13 502 [4]
221 432 [9]
355 547 [2]
12 426 [7]
243 277 [5]
299 361 [0]
91 255 [4]
70 445 [4]
96 378 [4]
108 374 [4]
115 376 [4]
102 297 [4]
10 242 [1]
21 685 [9]
181 620 [0]
313 443 [5]
58 162 [1]
274 686 [1]
63 162 [1]
268 576 [5]
257 499 [5]
58 307 [7]
38 720 [8]
59 525 [4]
103 753 [0]
296 378 [5]
29 661 [9]
16 401 [6]
421 663 [1]
118 350 [8]
58 192 [1]
6 112 [3]
9 129 [1]
517 645 [4]
269 525 [5]
12 506 [4]
433 469 [1]
235 418 [0]
32 296 [6]
8 233 [1]
18 591 [8]
20 233 [1]
301 481 [2]
134 335 [8]
71 368 [7]
28 198 [1]
53 214 [1]
393 541 [2]
223 459 [0]
390 794 [1]
25 354 [1]
436 684 [1]
38 730 [8]
183 196 [4]
283 462 [5]
27 492 [7]
141 522 [9]
218 680 [2]
249 666 [2]
430 618 [3]
260 655 [0]
4 447 [7]
482 779 [1]
97 260 [4]
453 613 [3]
278 520 [3]
249 579 [2]
311 536 [3]
173 765 [2]
298 621 [3]
378 628 [3]
369 724 [6]
63 161 [1]
57 358 [4]
24 531 [8]
28 470 [7]
214 356 [4]
63 324 [4]
27 303 [7]
165 420 [8]
117 441 [8]
361 674 [1]
322 533 [2]
2 734 [5]
19 211 [3]
41 351 [6]
576 671 [1]
41 283 [1]
60 520 [8]
17 266 [6]
82 224 [7]
258 408 [5]
245 381 [5]
523 559 [3]
244 606 [1]
50 173 [1]
342 529 [0]
60 337 [6]
153 786 [3]
78 190 [5]
159 544 [0]
34 313 [6]
36 165 [1]
125 480 [9]
3 399 [7]
74 339 [7]
162 645 [2]
100 385 [8]
330 468 [0]
5 104 [0]
42 657 [5]
11 437 [7]
40 452 [8]
24 609 [5]
231 388 [8]
145 712 [2]
95 268 [6]
204 269 [8]
90 317 [7]
42 787 [5]
137 273 [7]
44 96 [2]
42 772 [5]
97 157 [5]
90 231 [6]
108 510 [8]
132 779 [0]
148 425 [9]
108 480 [8]
245 441 [5]
155 460 [9]
256 770 [3]
1 295 [7]
108 522 [8]
1 165 [3]
238 671 [2]
84 697 [0]
405 771 [6]
350 753 [1]
175 220 [7]
76 740 [5]
53 159 [1]
550 770 [7]
161 413 [8]
34 650 [8]
277 771 [6]
0 348 [6]
155 431 [9]
37 121 [1]
31 449 [4]
30 169 [1]
4 173 [3]
90 303 [4]
65 334 [4]
37 372 [4]
122 157 [1]
1 415 [7]
289 706 [6]
711 755 [4]
6 373 [7]
40 473 [4]
144 277 [9]
178 435 [2]
269 418 [2]
511 623 [1]
167 708 [0]
261 415 [0]
109 242 [4]
538 791 [6]
0 382 [7]
707 778 [8]
336 564 [1]
258 599 [2]
0 432 [7]
107 195 [6]
29 609 [9]
121 687 [2]
455 506 [2]
178 351 [8]
3 52 [5]
17 330 [6]
21 677 [9]
156 281 [6]
239 440 [9]
672 758 [8]
523 554 [1]
63 217 [1]
131 633 [3]
265 299 [8]
212 429 [5]
58 529 [4]
221 273 [7]
471 528 [3]
392 596 [3]
278 544 [3]
334 572 [3]
218 757 [2]
323 457 [3]
241 573 [3]
163 383 [9]
47 702 [9]
221 501 [8]
291 567 [5]
11 621 [8]
36 386 [7]
2 669 [4]
78 403 [4]
467 777 [6]
53 135 [1]
15 68 [5]
135 357 [8]
10 326 [1]
172 521 [5]
75 268 [7]
256 524 [5]
26 573 [9]
101 197 [4]
210 296 [8]
287 294 [8]
263 467 [5]
104 624 [5]
9 176 [1]
29 602 [9]
441 498 [3]
152 221 [6]
253 643 [2]
54 299 [7]
34 319 [6]
2 35 [9]
13 452 [4]
124 244 [4]
44 312 [6]
188 249 [4]
194 784 [3]
273 760 [3]
145 347 [9]
23 417 [4]
3 574 [7]
111 438 [4]
6 374 [7]
28 574 [4]
228 307 [8]
384 659 [1]
10 33 [0]
47 717 [9]
36 789 [9]
236 712 [0]
15 131 [3]
204 248 [8]
247 393 [8]
564 783 [4]
20 126 [2]
19 494 [7]
136 425 [5]
57 288 [7]
2 169 [3]
6 264 [1]
390 484 [3]
36 225 [6]
380 769 [1]
238 770 [3]
28 306 [4]
553 753 [1]
56 405 [4]
21 798 [4]
34 448 [4]
482 575 [1]
104 431 [8]
2 92 [0]
156 351 [7]
367 479 [0]
54 567 [8]
0 524 [7]
131 612 [5]
302 504 [0]
707 745 [8]
108 206 [7]
330 574 [0]
162 373 [8]
119 712 [0]
74 222 [6]
208 748 [3]
48 386 [4]
108 430 [4]
89 357 [4]
59 470 [4]
97 388 [4]
20 102 [2]
346 716 [6]
208 759 [3]
10 377 [6]
259 709 [2]
326 793 [3]
239 686 [3]
1 307 [6]
239 749 [3]
0 374 [6]
55 159 [1]
3 77 [0]
3 37 [0]
38 135 [1]
18 439 [4]
441 707 [1]
168 779 [0]
440 581 [1]
79 639 [0]
38 417 [4]
139 188 [6]
138 286 [7]
49 389 [7]
37 205 [6]
159 240 [7]
152 206 [4]
11 401 [6]
68 540 [9]
173 341 [4]
591 703 [7]
26 685 [9]
245 338 [5]
7 438 [6]
71 227 [1]
144 355 [8]
516 727 [7]
26 781 [9]
78 278 [4]
12 540 [4]
71 178 [1]
214 304 [4]
328 379 [0]
9 325 [4]
129 398 [4]
12 196 [1]
47 241 [7]
0 479 [7]
498 633 [4]
95 190 [1]
43 202 [1]
158 432 [9]
239 443 [5]
17 653 [8]
490 759 [7]
313 582 [0]
127 188 [6]
33 133 [2]
12 195 [3]
25 504 [4]
24 289 [4]
148 303 [8]
73 499 [4]
200 271 [4]
141 510 [9]
177 376 [8]
269 606 [1]
257 355 [5]
385 655 [0]
5 110 [3]
2 607 [4]
3 16 [9]
156 207 [6]
533 693 [7]
36 604 [8]
165 363 [8]
4 162 [3]
171 782 [5]
78 157 [5]
173 284 [4]
14 339 [6]
7 339 [6]
331 592 [0]
3 514 [4]
15 195 [3]
258 596 [2]
73 349 [4]
329 402 [2]
15 442 [7]
23 660 [8]
1 294 [1]
86 206 [6]
103 774 [0]
299 338 [5]
511 609 [1]
49 264 [6]
109 326 [4]
6 104 [0]
288 504 [0]
181 682 [0]
594 704 [7]
472 780 [1]
16 798 [4]
70 480 [8]
352 599 [3]
191 684 [2]
219 572 [3]
219 520 [3]
249 752 [2]
231 752 [2]
84 195 [6]
56 209 [6]
14 225 [1]
155 301 [4]
3 597 [4]
162 409 [4]
168 447 [8]
216 319 [8]
473 568 [1]
462 633 [6]
456 729 [6]
473 762 [6]
208 686 [3]
110 302 [8]
150 314 [4]
71 97 [2]
15 252 [1]
281 441 [9]
248 361 [5]
25 313 [6]
123 223 [6]
84 202 [6]
139 441 [4]
57 289 [4]
98 345 [4]
139 348 [4]
108 335 [4]
77 445 [4]
37 413 [4]
97 219 [4]
361 556 [1]
336 554 [1]
56 390 [4]
352 539 [2]
308 679 [1]
36 643 [8]
191 546 [5]
19 181 [3]
358 725 [6]
108 220 [7]
145 277 [9]
120 337 [4]
567 677 [1]
455 588 [2]
36 193 [6]
160 463 [9]
6 176 [3]
141 238 [7]
141 499 [8]
88 446 [7]
198 406 [9]
260 706 [1]
190 779 [0]
338 530 [2]
181 407 [8]
176 542 [5]
79 544 [0]
294 678 [5]
125 450 [8]
515 525 [3]
7 315 [6]
381 484 [3]
145 421 [8]
272 489 [9]
203 695 [3]
142 569 [0]
376 599 [3]
260 798 [2]
304 378 [5]
390 488 [3]
318 644 [3]
165 716 [2]
348 549 [3]
130 482 [8]
2 526 [4]
4 120 [3]
144 798 [5]
153 594 [0]
92 238 [6]
44 247 [1]
18 169 [1]
26 183 [1]
46 135 [1]
50 230 [6]
188 353 [9]
79 431 [9]
473 619 [6]
441 656 [6]
103 682 [0]
280 443 [9]
6 266 [6]
46 299 [7]
89 625 [5]
56 262 [6]
148 452 [9]
2 70 [0]
404 489 [0]
260 415 [0]
43 398 [6]
342 444 [2]
45 434 [4]
89 267 [7]
373 553 [2]
191 525 [9]
151 435 [0]
234 303 [9]
355 613 [3]
19 444 [7]
190 222 [7]
114 229 [7]
64 605 [5]
52 596 [9]
26 652 [9]
260 325 [2]
297 429 [2]
264 456 [5]
2 678 [7]
532 757 [7]
148 787 [2]
183 584 [2]
377 471 [3]
60 434 [6]
1 284 [1]
111 324 [8]
220 529 [0]
17 253 [6]
4 614 [4]
26 212 [6]
209 786 [3]
13 314 [6]
351 778 [1]
79 464 [4]
0 583 [8]
323 586 [2]
98 322 [4]
111 376 [4]
69 602 [5]
82 352 [4]
19 136 [3]
54 249 [6]
140 333 [9]
2 104 [0]
166 208 [7]
2 7 [8]
9 391 [7]
307 436 [2]
423 561 [1]
18 159 [1]
276 523 [0]
186 255 [4]
108 412 [4]
65 410 [4]
152 788 [3]
134 397 [8]
470 637 [3]
12 202 [3]
289 507 [3]
171 559 [0]
15 237 [1]
159 275 [8]
146 171 [7]
11 474 [8]
38 436 [4]
511 696 [6]
44 175 [2]
4 166 [3]
27 214 [3]
213 301 [8]
33 537 [6]
120 193 [4]
445 515 [2]
6 690 [8]
24 349 [4]
204 695 [3]
575 795 [8]
7 227 [1]
8 447 [7]
407 431 [0]
372 740 [1]
3 580 [4]
130 361 [8]
2 416 [7]
6 222 [1]
41 339 [6]
247 294 [4]
26 783 [9]
32 331 [6]
79 349 [8]
190 470 [8]
36 672 [9]
1 212 [1]
112 684 [2]
249 659 [2]
159 675 [2]
184 351 [4]
280 505 [0]
193 502 [0]
124 407 [4]
12 245 [1]
73 794 [5]
18 211 [1]
51 456 [4]
580 784 [4]
261 307 [9]
91 109 [6]
409 748 [1]
225 726 [3]
54 467 [8]
253 443 [0]
85 395 [4]
119 242 [4]
46 267 [7]
8 237 [1]
2 30 [5]
536 761 [4]
1 11 [9]
146 372 [8]
203 664 [2]
167 441 [9]
72 270 [6]
52 292 [6]
203 671 [2]
328 493 [0]
239 562 [0]
235 774 [2]
353 730 [3]
11 500 [8]
326 751 [3]
11 514 [8]
294 719 [2]
276 550 [2]
57 787 [5]
124 453 [8]
102 354 [6]
34 115 [2]
597 736 [7]
47 360 [6]
34 508 [4]
173 627 [2]
192 741 [2]
310 793 [3]
593 626 [7]
222 425 [5]
2 557 [4]
214 299 [8]
218 523 [9]
9 112 [1]
224 403 [9]
229 549 [2]
242 529 [5]
138 326 [7]
416 534 [3]
157 308 [4]
193 439 [0]
25 529 [4]
3 528 [6]
70 161 [1]
567 710 [6]
346 710 [6]
468 579 [6]
150 258 [4]
25 526 [8]
244 522 [0]
140 774 [2]
234 351 [9]
278 515 [2]
126 322 [4]
83 255 [4]
97 352 [4]
115 334 [4]
341 701 [1]
102 219 [4]
76 409 [7]
250 510 [0]
56 661 [5]
41 558 [4]
2 64 [0]
279 404 [5]
18 373 [7]
328 452 [0]
25 576 [4]
131 434 [8]
223 518 [2]
331 483 [2]
280 486 [8]
173 261 [4]
10 238 [3]
150 296 [4]
28 708 [8]
456 676 [1]
12 620 [8]
141 551 [0]
358 629 [1]
442 751 [1]
405 670 [1]
141 774 [0]
10 713 [8]
8 769 [8]
0 724 [8]
464 522 [0]
78 194 [6]
95 732 [5]
158 786 [2]
205 435 [2]
35 455 [6]
203 685 [2]
129 668 [2]
192 732 [2]
404 572 [3]
1 540 [4]
13 85 [2]
298 436 [2]
19 165 [3]
64 615 [8]
370 705 [1]
218 550 [0]
242 514 [2]
147 567 [8]
278 736 [1]
495 596 [1]
125 186 [1]
129 304 [4]
49 178 [6]
551 689 [4]
184 610 [5]
4 466 [7]
66 309 [7]
23 274 [6]
73 584 [5]
13 317 [6]
213 589 [2]
498 737 [7]
6 387 [6]
2 484 [4]
2 124 [2]
267 756 [1]
106 333 [7]
213 369 [9]
184 326 [4]
294 641 [0]
156 254 [6]
171 249 [4]
230 661 [2]
124 191 [7]
91 142 [6]
36 463 [4]
126 315 [4]
39 257 [6]
220 410 [5]
281 513 [2]
122 242 [7]
5 167 [3]
12 99 [2]
33 111 [2]
56 80 [1]
126 160 [5]
187 317 [8]
45 239 [7]
182 290 [7]
183 470 [9]
3 610 [4]
218 544 [2]
210 753 [2]
385 603 [0]
62 439 [4]
390 527 [3]
27 314 [6]
234 565 [0]
39 331 [6]
40 217 [1]
8 610 [4]
280 381 [9]
34 364 [6]
176 531 [0]
100 319 [8]
23 355 [7]
28 152 [1]
26 248 [6]
369 608 [1]
34 296 [6]
246 344 [8]
236 588 [5]
52 625 [9]
533 788 [7]
51 263 [6]
10 745 [0]
2 152 [3]
247 446 [4]
64 277 [4]
542 725 [7]
732 747 [7]
338 400 [0]
94 402 [8]
1 373 [6]
66 335 [4]
115 343 [4]
221 311 [4]
66 462 [4]
101 418 [0]
43 233 [6]
413 697 [6]
299 441 [5]
127 497 [8]
9 194 [1]
289 565 [2]
533 624 [7]
19 127 [0]
201 246 [4]
12 664 [8]
530 776 [7]
82 252 [7]
771 782 [7]
62 116 [2]
198 644 [0]
21 542 [4]
338 798 [2]
247 555 [0]
162 355 [8]
543 665 [7]
17 360 [6]
65 120 [6]
311 612 [2]
97 125 [1]
90 202 [6]
202 416 [9]
169 279 [4]
53 227 [6]
32 311 [7]
95 170 [1]
27 339 [6]
515 714 [7]
171 428 [5]
90 740 [5]
356 372 [5]
84 299 [7]
23 352 [7]
256 523 [9]
14 172 [3]
337 698 [1]
30 598 [4]
107 233 [7]
82 272 [6]
98 183 [6]
206 599 [2]
71 205 [1]
99 204 [6]
27 678 [7]
67 534 [8]
40 197 [1]
15 451 [4]
91 118 [1]
334 592 [2]
517 727 [4]
213 639 [2]
110 486 [8]
312 593 [2]
21 417 [4]
272 582 [5]
196 361 [5]
247 751 [2]
38 146 [2]
30 244 [6]
579 763 [9]
51 171 [6]
2 373 [6]
23 325 [4]
18 510 [4]
81 270 [6]
18 423 [4]
354 611 [2]
214 668 [2]
132 414 [8]
243 726 [3]
320 336 [0]
106 254 [6]
8 133 [2]
100 258 [8]
35 137 [2]
41 314 [6]
31 147 [2]
56 360 [7]
198 554 [0]
7 474 [4]
136 637 [5]
166 297 [8]
32 257 [6]
145 681 [2]
52 269 [6]
66 185 [6]
332 563 [0]
255 498 [3]
232 449 [0]
14 314 [6]
79 230 [7]
261 426 [5]
2 739 [5]
6 321 [6]
182 504 [9]
22 282 [6]
4 284 [1]
230 462 [9]
365 404 [5]
25 768 [4]
249 717 [2]
325 762 [7]
172 726 [2]
167 605 [2]
165 307 [8]
278 628 [3]
373 597 [3]
89 140 [6]
172 359 [8]
664 776 [4]
25 389 [6]
80 323 [8]
44 637 [4]
268 741 [3]
22 452 [4]
126 225 [7]
9 218 [1]
654 734 [4]
32 563 [4]
98 237 [7]
24 80 [1]
150 338 [8]
493 674 [1]
479 656 [7]
23 605 [8]
123 190 [1]
249 331 [4]
382 734 [7]
425 739 [7]
37 272 [6]
252 339 [9]
30 373 [7]
228 234 [4]
2 479 [7]
417 619 [7]
26 195 [1]
379 795 [6]
550 696 [7]
126 385 [4]
61 560 [5]
7 82 [2]
209 260 [9]
289 791 [6]
321 626 [1]
312 441 [5]
246 596 [2]
26 272 [1]
370 677 [1]
5 172 [3]
21 491 [8]
14 83 [2]
326 649 [2]
43 501 [4]
21 328 [6]
22 411 [6]
8 85 [2]
634 690 [7]
21 607 [8]
123 198 [6]
42 115 [1]
227 502 [0]
39 708 [8]
171 607 [2]
92 362 [4]
372 763 [6]
506 634 [7]
673 699 [7]
42 116 [1]
118 719 [0]
56 470 [4]
194 722 [5]
4 60 [5]
142 289 [9]
233 360 [8]
50 180 [6]
186 258 [7]
375 591 [3]
232 692 [2]
0 6 [9]
86 228 [1]
81 271 [7]
136 241 [8]
243 610 [2]
127 741 [5]
85 131 [6]
264 514 [0]
121 342 [8]
97 234 [7]
506 599 [1]
21 424 [6]
25 244 [6]
148 240 [7]
308 761 [1]
28 576 [4]
171 425 [0]
199 617 [2]
224 425 [0]
489 735 [6]
2 203 [3]
243 348 [9]
464 501 [0]
169 612 [9]
75 131 [6]
116 222 [7]
15 721 [8]
349 631 [1]
98 202 [6]
192 292 [4]
50 239 [6]
194 651 [2]
152 444 [5]
32 428 [4]
346 434 [0]
105 545 [5]
50 196 [6]
58 252 [6]
3 15 [3]
179 287 [7]
79 276 [4]
4 436 [7]
19 113 [2]
19 633 [8]
72 278 [7]
97 118 [1]
212 575 [3]
36 496 [6]
12 498 [4]
167 560 [2]
149 350 [8]
201 300 [4]
22 437 [7]
157 495 [9]
32 768 [4]
69 198 [6]
190 442 [8]
298 488 [3]
2 488 [4]
67 502 [8]
131 567 [9]
102 493 [8]
111 153 [7]
557 746 [4]
217 351 [4]
5 165 [3]
153 604 [2]
479 785 [7]
6 314 [6]
76 242 [7]
308 612 [0]
411 734 [1]
96 219 [4]
245 576 [0]
149 320 [4]
422 644 [1]
6 84 [2]
688 759 [8]
1 453 [6]
252 659 [3]
140 644 [2]
8 436 [7]
137 207 [7]
12 46 [5]
213 324 [9]
103 230 [7]
286 331 [8]
153 461 [0]
36 237 [6]
251 508 [0]
26 330 [6]
6 147 [2]
446 466 [5]
2 147 [2]
38 792 [9]
95 487 [5]
192 385 [8]
132 363 [8]
743 747 [7]
69 661 [5]
392 474 [3]
3 656 [0]
38 273 [6]
239 604 [0]
213 386 [9]
130 346 [8]
192 716 [2]
44 295 [4]
471 736 [7]
28 573 [8]
25 328 [6]
48 391 [4]
223 553 [5]
217 318 [8]
16 330 [6]
7 243 [1]
30 310 [6]
384 516 [3]
337 745 [1]
173 239 [7]
443 748 [6]
61 196 [6]
95 270 [6]
55 206 [6]
396 534 [2]
364 447 [0]
26 718 [9]
229 527 [2]
235 251 [8]
348 564 [3]
431 759 [6]
2 36 [5]
14 290 [1]
19 725 [8]
211 370 [9]
20 133 [2]
61 150 [1]
234 433 [5]
114 335 [4]
27 271 [6]
151 574 [9]
73 419 [9]
5 48 [0]
37 109 [1]
370 780 [1]
307 347 [2]
310 534 [0]
232 682 [2]
175 396 [4]
2 383 [7]
94 153 [6]
78 247 [6]
18 297 [7]
71 629 [8]
21 105 [1]
32 343 [7]
17 215 [6]
161 552 [0]
271 767 [1]
412 708 [3]
193 292 [8]
62 425 [4]
3 415 [7]
192 403 [8]
179 768 [9]
149 215 [4]
232 296 [8]
192 326 [4]
41 82 [2]
23 357 [7]
299 791 [1]
397 417 [2]
317 416 [0]
313 493 [5]
21 348 [7]
175 245 [7]
42 305 [8]
22 175 [2]
26 602 [9]
23 411 [6]
56 502 [8]
256 338 [9]
543 788 [7]
31 175 [2]
400 433 [0]
39 524 [4]
47 256 [1]
56 197 [1]
40 359 [7]
320 397 [5]
228 657 [0]
1 775 [9]
0 643 [4]
247 369 [9]
0 20 [3]
20 184 [3]
30 297 [7]
50 505 [8]
20 45 [2]
143 543 [8]
232 291 [8]
44 425 [4]
2 558 [4]
350 679 [6]
52 131 [1]
7 515 [4]
348 449 [3]
181 410 [8]
246 480 [5]
2 246 [1]
53 459 [8]
21 214 [1]
380 759 [1]
206 334 [9]
130 259 [7]
688 714 [8]
3 530 [7]
20 236 [3]
55 690 [8]
722 752 [7]
64 226 [6]
33 431 [7]
191 628 [2]
189 290 [7]
482 756 [6]
111 258 [7]
15 570 [4]
61 187 [6]
442 701 [6]
26 152 [1]
31 358 [7]
354 442 [9]
47 632 [9]
162 307 [8]
102 252 [7]
265 738 [2]
127 211 [6]
158 287 [7]
122 210 [6]
421 758 [1]
667 678 [1]
72 781 [5]
30 257 [6]
35 325 [4]
441 539 [3]
57 651 [5]
37 435 [5]
307 554 [3]
52 256 [1]
93 205 [6]
50 163 [1]
50 456 [4]
479 731 [7]
240 577 [5]
396 599 [3]
264 667 [2]
36 677 [9]
490 704 [7]
181 318 [8]
18 678 [4]
202 294 [4]
8 690 [4]
65 247 [6]
97 524 [8]
265 519 [2]
46 171 [6]
225 589 [2]
9 486 [7]
555 770 [4]
168 191 [7]
166 343 [8]
69 284 [7]
53 557 [9]
97 256 [6]
101 520 [2]
5 498 [4]
99 212 [7]
145 289 [9]
68 334 [7]
78 589 [5]
129 387 [8]
60 144 [1]
212 510 [5]
270 382 [5]
639 686 [4]
247 612 [5]
237 642 [3]
48 398 [7]
230 384 [9]
730 776 [4]
43 507 [8]
220 747 [0]
120 302 [8]
11 421 [6]
34 496 [6]
46 246 [6]
187 570 [0]
35 115 [2]
495 773 [7]
27 86 [5]
118 709 [0]
189 680 [0]
118 680 [0]
31 431 [7]
7 463 [7]
21 464 [6]
8 449 [4]
38 253 [6]
68 591 [8]
36 431 [4]
36 460 [4]
169 646 [0]
509 548 [3]
401 416 [0]
297 497 [2]
48 240 [6]
52 145 [1]
102 197 [6]
265 427 [5]
57 641 [8]
112 299 [8]
52 373 [7]
73 263 [6]
618 789 [4]
2 114 [0]
220 511 [5]
246 668 [3]
109 434 [4]
42 569 [8]
122 447 [8]
63 402 [8]
19 129 [3]
41 321 [6]
283 367 [8]
150 355 [8]
40 402 [8]
321 431 [0]
195 413 [9]
262 657 [2]
286 540 [0]
22 137 [2]
287 671 [2]
19 249 [3]
183 319 [4]
2 547 [7]
2 529 [7]
328 436 [0]
1 203 [3]
87 467 [8]
124 167 [6]
327 449 [0]
66 724 [5]
22 169 [3]
4 18 [5]
64 232 [6]
64 270 [6]
73 207 [6]
56 327 [6]
47 664 [9]
71 358 [7]
27 779 [8]
10 665 [8]
473 767 [6]
171 367 [8]
382 572 [1]
4 500 [4]
75 542 [8]
479 663 [7]
399 400 [2]
56 182 [1]
412 690 [3]
74 310 [6]
129 178 [4]
181 342 [8]
75 346 [8]
268 292 [8]
222 542 [5]
297 475 [2]
55 326 [6]
8 172 [3]
35 542 [4]
133 337 [4]
2 259 [1]
44 576 [4]
41 134 [2]
19 221 [2]
11 85 [2]
177 202 [7]
153 292 [8]
495 797 [7]
0 204 [3]
583 592 [7]
507 723 [7]
255 436 [2]
175 225 [7]
229 570 [0]
168 194 [7]
199 527 [0]
489 606 [6]
353 747 [2]
48 733 [5]
36 529 [4]
300 566 [2]
58 261 [6]
43 543 [8]
21 320 [6]
158 294 [4]
637 719 [1]
21 126 [2]
212 451 [2]
305 754 [7]
8 655 [7]
137 324 [8]
321 473 [0]
246 503 [0]
442 796 [6]
116 290 [7]
295 746 [7]
262 652 [2]
501 663 [6]
463 572 [1]
228 245 [4]
62 542 [4]
118 464 [4]
67 215 [6]
12 183 [3]
518 756 [4]
14 520 [8]
141 379 [8]
226 682 [2]
59 617 [5]
242 262 [4]
689 707 [8]
26 498 [8]
62 531 [8]
360 426 [5]
256 379 [9]
267 548 [2]
201 302 [8]
73 733 [5]
307 567 [0]
104 321 [7]
25 557 [8]
285 370 [9]
8 498 [4]
174 373 [8]
471 478 [3]
111 294 [7]
35 515 [4]
12 22 [9]
335 536 [3]
164 391 [8]
558 790 [7]
88 421 [4]
387 648 [2]
516 655 [1]
163 396 [4]
253 426 [5]
45 603 [8]
122 135 [6]
279 571 [5]
176 233 [4]
596 790 [4]
572 752 [4]
38 407 [7]
115 407 [4]
205 578 [2]
113 271 [4]
49 539 [8]
30 498 [8]
400 508 [0]
224 276 [8]
280 434 [8]
538 764 [6]
4 541 [7]
58 446 [6]
89 429 [8]
12 361 [7]
314 499 [0]
33 150 [3]
8 460 [7]
15 113 [2]
295 696 [7]
194 426 [9]
55 517 [9]
115 431 [8]
20 43 [5]
26 521 [4]
126 650 [5]
401 432 [0]
5 10 [8]
105 715 [2]
252 392 [9]
4 26 [5]
7 385 [6]
245 434 [9]
47 331 [6]
180 613 [2]
480 792 [6]
312 510 [0]
184 323 [8]
284 794 [3]
465 583 [4]
521 590 [1]
264 472 [5]
13 690 [8]
364 451 [2]
62 333 [7]
434 436 [0]
87 193 [7]
8 30 [5]
98 294 [7]
493 587 [3]
193 430 [9]
137 571 [8]
258 345 [5]
46 730 [9]
452 486 [2]
170 320 [4]
44 399 [4]
123 284 [7]
7 561 [4]
147 569 [9]
114 781 [5]
187 331 [8]
105 375 [9]
17 409 [6]
242 378 [9]
7 205 [1]
168 354 [7]
181 219 [8]
14 58 [5]
71 86 [5]
214 245 [4]
114 586 [8]
191 448 [5]
48 681 [5]
206 368 [0]
412 516 [3]
242 406 [5]
9 342 [7]
290 616 [2]
643 746 [4]
604 762 [4]
343 495 [2]
64 673 [8]
199 591 [5]
85 380 [4]
4 238 [3]
301 505 [2]
226 435 [2]
66 660 [5]
154 265 [7]
427 617 [1]
134 472 [8]
172 317 [8]
185 468 [5]
8 139 [0]
391 587 [3]
50 549 [8]
738 769 [4]
109 341 [4]
427 749 [6]
3 458 [7]
70 747 [9]
329 637 [2]
109 351 [4]
30 273 [6]
220 353 [9]
0 203 [3]
5 113 [2]
441 586 [3]
3 131 [3]
38 494 [4]
20 130 [2]
90 208 [6]
135 244 [4]
324 766 [6]
4 139 [0]
37 286 [6]
338 663 [6]
179 438 [8]
280 337 [8]
48 591 [8]
66 151 [1]
20 23 [9]
165 382 [5]
196 471 [0]
248 482 [5]
34 409 [6]
344 516 [0]
204 372 [9]
169 273 [4]
124 172 [6]
330 483 [2]
316 354 [8]
3 428 [7]
97 368 [8]
83 428 [8]
125 613 [0]
460 632 [1]
39 219 [7]
57 142 [6]
550 717 [7]
192 415 [9]
141 345 [8]
123 203 [6]
56 648 [8]
5 221 [2]
62 459 [4]
393 510 [0]
278 501 [0]
293 531 [2]
114 638 [5]
16 569 [4]
217 394 [8]
73 402 [8]
13 305 [4]
37 100 [6]
5 472 [7]
216 513 [2]
1 202 [3]
250 491 [2]
1 12 [3]
65 211 [6]
22 422 [4]
243 640 [5]
225 527 [2]
87 486 [4]
32 370 [7]
209 412 [9]
115 195 [6]
87 342 [4]
284 541 [0]
191 435 [2]
101 555 [2]
45 277 [8]
27 78 [2]
43 562 [8]
176 254 [4]
55 446 [6]
528 554 [3]
310 615 [0]
123 424 [7]
475 711 [1]
79 305 [5]
20 508 [7]
591 775 [7]
161 667 [0]
15 431 [7]
208 620 [2]
204 278 [8]
234 347 [5]
102 161 [6]
66 134 [1]
411 768 [0]
147 349 [8]
253 542 [0]
2 237 [1]
87 309 [4]
92 250 [7]
187 229 [8]
136 419 [5]
323 466 [0]
238 513 [2]
75 567 [8]
489 657 [1]
198 261 [4]
34 483 [8]
394 546 [2]
238 672 [2]
167 688 [2]
53 225 [6]
218 237 [4]
753 769 [4]
141 537 [4]
6 271 [6]
256 609 [2]
216 577 [5]
18 144 [1]
108 312 [7]
221 309 [4]
195 358 [9]
85 372 [8]
147 407 [4]
189 470 [8]
40 438 [7]
36 355 [7]
493 701 [6]
615 704 [7]
705 708 [7]
372 558 [3]
505 757 [7]
152 278 [8]
7 127 [0]
286 295 [5]
247 278 [8]
89 132 [1]
201 559 [5]
33 660 [8]
133 450 [8]
123 152 [6]
209 490 [0]
113 521 [9]
137 211 [6]
55 666 [9]
351 768 [0]
2 145 [3]
0 5 [3]
280 284 [4]
129 245 [4]
168 210 [7]
17 364 [6]
5 38 [5]
204 620 [2]
159 503 [9]
19 598 [7]
5 480 [7]
19 432 [7]
19 466 [7]
4 598 [7]
211 631 [2]
36 251 [7]
14 158 [3]
245 657 [2]
8 143 [0]
118 213 [7]
6 69 [2]
214 420 [8]
586 773 [7]
105 371 [9]
162 612 [9]
242 280 [4]
237 370 [5]
124 641 [5]
292 483 [2]
88 281 [7]
147 202 [6]
366 597 [3]
125 255 [8]
429 744 [6]
578 662 [4]
147 372 [8]
118 123 [1]
141 533 [5]
607 762 [4]
456 495 [3]
59 240 [6]
139 537 [7]
706 794 [8]
95 621 [9]
172 358 [9]
341 406 [5]
177 215 [4]
143 741 [5]
32 269 [6]
144 227 [4]
161 366 [8]
267 447 [0]
366 561 [3]
11 221 [2]
7 117 [2]
233 542 [0]
66 575 [5]
405 458 [2]
112 317 [8]
59 681 [5]
210 282 [8]
160 367 [4]
151 360 [4]
470 767 [6]
23 546 [4]
709 723 [4]
67 322 [7]
61 793 [5]
411 582 [2]
576 617 [1]
41 183 [3]
11 345 [7]
287 295 [5]
458 478 [2]
275 673 [2]
445 500 [3]
401 538 [0]
323 444 [2]
153 530 [0]
443 650 [1]
223 413 [9]
162 288 [8]
37 287 [6]
7 400 [6]
23 774 [8]
284 481 [0]
36 129 [1]
41 86 [5]
269 431 [0]
656 742 [4]
254 471 [0]
212 286 [4]
61 155 [1]
165 311 [8]
380 383 [0]
170 557 [5]
147 590 [5]
52 569 [8]
423 595 [1]
179 458 [9]
243 329 [9]
4 22 [9]
19 23 [9]
187 664 [2]
179 394 [8]
70 666 [5]
145 694 [2]
619 649 [4]
201 540 [0]
70 676 [5]
489 752 [6]
67 126 [2]
6 445 [7]
2 576 [7]
21 449 [8]
450 779 [1]
599 634 [4]
135 251 [8]
89 351 [7]
90 280 [6]
127 152 [6]
117 315 [4]
258 497 [0]
245 572 [2]
439 566 [1]
243 473 [5]
11 70 [2]
361 698 [6]
455 641 [2]
12 231 [3]
23 33 [9]
246 540 [2]
4 524 [7]
161 639 [0]
4 37 [0]
90 337 [7]
105 660 [2]
119 553 [5]
18 666 [9]
21 735 [9]
8 500 [4]
289 722 [3]
225 315 [9]
100 617 [2]
125 495 [9]
105 600 [9]
151 366 [8]
154 540 [5]
336 679 [6]
54 211 [6]
501 714 [6]
4 347 [7]
64 677 [5]
180 504 [5]
182 553 [9]
505 688 [7]
118 470 [8]
401 422 [2]
290 711 [2]
27 603 [7]
6 412 [7]
102 151 [6]
9 386 [7]
58 400 [7]
286 690 [0]
28 469 [8]
51 653 [9]
29 541 [4]
66 740 [5]
64 241 [7]
101 413 [5]
12 179 [3]
225 407 [9]
80 271 [4]
75 300 [7]
259 782 [0]
217 497 [5]
34 649 [8]
206 348 [5]
66 278 [7]
156 540 [9]
268 650 [2]
319 594 [2]
249 273 [4]
35 255 [7]
202 349 [9]
185 351 [8]
595 736 [4]
187 250 [8]
87 428 [9]
193 720 [2]
316 526 [2]
198 585 [2]
401 799 [1]
131 380 [8]
169 304 [4]
66 532 [8]
92 649 [5]
54 515 [8]
420 522 [0]
54 479 [8]
280 555 [0]
284 466 [5]
786 791 [8]
94 471 [8]
7 559 [4]
295 393 [2]
22 611 [8]
229 289 [5]
157 399 [9]
195 649 [0]
42 235 [6]
191 573 [2]
79 456 [8]
7 266 [6]
6 519 [8]
60 78 [2]
50 164 [1]
282 473 [5]
439 531 [1]
87 211 [6]
242 333 [9]
209 616 [2]
80 357 [8]
42 681 [5]
39 334 [7]
37 439 [8]
86 333 [7]
262 338 [9]
206 349 [5]
251 501 [0]
61 399 [8]
42 330 [7]
12 460 [7]
235 519 [0]
36 647 [9]
347 737 [6]
280 316 [8]
45 571 [8]
557 655 [1]
105 605 [2]
13 607 [8]
112 306 [5]
65 580 [9]
198 684 [2]
84 539 [9]
495 654 [1]
76 269 [7]
240 460 [5]
118 360 [4]
105 615 [0]
23 571 [7]
246 379 [5]
111 193 [7]
58 266 [7]
354 441 [9]
46 266 [7]
229 577 [0]
325 613 [1]
50 141 [1]
308 467 [0]
183 382 [5]
196 478 [9]
12 112 [3]
21 373 [7]
28 360 [6]
390 597 [3]
149 445 [8]
418 691 [7]
135 383 [9]
126 139 [1]
96 768 [9]
37 582 [8]
75 291 [7]
190 282 [4]
37 285 [6]
237 333 [9]
7 277 [7]
105 261 [4]
150 611 [0]
152 321 [8]
39 215 [6]
198 469 [0]
254 520 [2]
372 494 [2]
356 574 [0]
131 469 [0]
243 306 [0]
54 273 [7]
105 405 [9]
91 433 [8]
219 768 [2]
32 99 [2]
144 242 [4]
620 714 [4]
100 338 [9]
14 231 [3]
209 315 [9]
141 525 [8]
517 796 [4]
135 476 [5]
167 571 [9]
493 774 [1]
230 547 [5]
90 360 [7]
248 417 [0]
130 545 [9]
84 578 [5]
84 250 [7]
12 562 [4]
267 448 [0]
286 298 [9]
10 645 [8]
197 282 [4]
77 711 [5]
273 450 [5]
65 129 [6]
245 417 [0]
243 616 [2]
227 248 [8]
189 347 [9]
552 693 [4]
247 539 [5]
58 474 [8]
154 343 [8]
222 292 [8]
141 264 [7]
4 563 [7]
398 607 [2]
200 297 [8]
27 465 [8]
218 608 [2]
41 628 [8]
245 527 [2]
206 412 [5]
5 422 [4]
469 773 [7]
269 343 [5]
616 723 [4]
110 276 [4]
252 275 [9]
11 143 [0]
261 540 [2]
7 23 [9]
217 536 [0]
229 574 [0]
643 697 [4]
212 295 [0]
153 563 [5]
48 385 [7]
411 418 [2]
149 426 [8]
271 344 [8]
230 590 [0]
283 379 [5]
57 477 [8]
196 457 [2]
70 625 [5]
289 558 [3]
56 539 [8]
261 473 [5]
1 6 [9]
25 394 [7]
87 153 [7]
167 699 [2]
199 448 [5]
80 388 [8]
4 167 [3]
570 626 [7]
5 567 [7]
35 99 [2]
500 521 [1]
33 228 [3]
78 547 [8]
559 601 [7]
152 534 [0]
59 789 [5]
218 277 [9]
61 562 [8]
114 537 [7]
188 352 [9]
11 468 [7]
14 99 [2]
409 474 [2]
408 639 [1]
411 490 [2]
2 612 [7]
292 338 [5]
314 600 [5]
173 210 [7]
189 360 [4]
99 120 [6]
188 360 [8]
65 488 [9]
77 720 [5]
127 400 [7]
241 303 [5]
451 458 [1]
443 652 [1]
212 359 [9]
150 529 [9]
213 405 [9]
73 617 [9]
14 135 [3]
16 59 [0]
130 260 [4]
125 375 [8]
65 588 [9]
563 722 [3]
9 353 [7]
256 684 [2]
385 586 [2]
238 490 [0]
233 452 [0]
260 545 [2]
75 459 [9]
98 247 [6]
175 321 [4]
310 380 [9]
97 139 [1]
73 505 [8]
145 372 [9]
158 587 [0]
217 496 [4]
368 404 [2]
185 587 [0]
535 629 [1]
66 241 [7]
437 481 [2]
64 197 [1]
33 161 [3]
574 731 [7]
131 670 [2]
427 714 [6]
210 383 [5]
280 387 [8]
182 641 [5]
237 456 [5]
46 597 [8]
190 198 [7]
5 24 [0]
482 561 [3]
47 219 [7]
356 473 [5]
4 72 [0]
107 640 [9]
103 406 [8]
272 428 [5]
118 426 [8]
408 663 [6]
193 364 [9]
167 224 [4]
48 197 [1]
34 388 [7]
123 250 [7]
438 463 [0]
218 660 [2]
305 787 [7]
2 662 [4]
23 99 [2]
15 621 [4]
98 604 [9]
464 482 [5]
655 722 [3]
163 586 [9]
313 730 [2]
12 443 [7]
224 680 [2]
265 515 [5]
113 458 [9]
196 648 [0]
30 340 [7]
101 557 [2]
266 466 [0]
278 747 [2]
22 495 [4]
95 288 [7]
120 369 [9]
265 355 [9]
124 477 [9]
466 739 [6]
251 362 [0]
285 310 [4]
259 452 [0]
327 719 [2]
390 471 [3]
85 502 [5]
259 470 [5]
85 224 [7]
61 418 [8]
281 434 [8]
153 476 [0]
211 420 [8]
526 763 [7]
44 657 [8]
25 395 [7]
195 234 [4]
239 310 [4]
320 461 [2]
468 763 [6]
542 622 [6]
204 562 [5]
49 332 [7]
454 605 [1]
243 454 [5]
142 454 [5]
262 402 [5]
223 582 [0]
290 531 [0]
58 403 [7]
318 399 [2]
33 525 [7]
296 491 [2]
59 680 [5]
225 238 [4]
262 314 [8]
563 643 [1]
147 153 [7]
88 447 [8]
22 421 [6]
129 403 [8]
312 683 [2]
87 104 [1]
248 343 [5]
613 731 [4]
131 623 [2]
25 683 [8]
243 596 [2]
240 422 [0]
6 371 [7]
436 701 [6]
439 569 [1]
128 253 [7]
112 187 [4]
246 482 [5]
50 477 [8]
599 697 [4]
290 478 [9]
246 382 [0]
644 784 [4]
455 563 [0]
153 628 [2]
89 253 [7]
258 552 [2]
188 720 [2]
24 309 [7]
306 654 [1]
176 288 [8]
272 546 [5]
62 362 [7]
16 607 [8]
54 99 [5]
2 541 [7]
161 529 [9]
7 336 [7]
549 764 [7]
105 494 [5]
58 536 [9]
174 521 [9]
16 377 [7]
371 424 [5]
377 521 [2]
91 158 [6]
189 409 [4]
260 543 [2]
215 502 [2]
284 322 [9]
161 325 [9]
22 587 [8]
549 727 [7]
302 330 [9]
8 57 [0]
36 343 [7]
29 503 [4]
134 649 [5]
89 293 [7]
105 541 [5]
157 341 [4]
119 474 [5]
7 88 [2]
202 705 [2]
198 757 [2]
266 525 [0]
191 708 [0]
172 188 [4]
141 207 [7]
15 592 [4]
77 247 [6]
15 144 [3]
463 767 [6]
70 715 [5]
217 262 [7]
239 382 [5]
199 557 [0]
63 133 [3]
42 741 [5]
359 574 [2]
30 653 [8]
188 367 [8]
104 285 [6]
132 314 [4]
108 330 [7]
309 577 [2]
465 759 [4]
407 426 [0]
77 248 [7]
125 199 [7]
17 605 [8]
50 305 [8]
281 576 [5]
134 167 [6]
134 171 [7]
463 583 [6]
536 784 [4]
211 411 [8]
320 683 [2]
293 358 [5]
97 231 [6]
167 720 [0]
304 515 [0]
279 470 [5]
48 699 [5]
574 664 [6]
79 389 [4]
471 482 [3]
56 550 [8]
9 438 [7]
26 395 [7]
127 221 [1]
140 141 [7]
210 390 [9]
5 73 [0]
437 530 [2]
271 683 [2]
54 491 [9]
351 381 [5]
284 456 [5]
304 587 [2]
148 506 [5]
212 527 [2]
75 497 [9]
115 119 [6]
199 402 [5]
247 332 [8]
74 661 [9]
201 369 [9]
226 651 [2]
438 443 [0]
6 78 [2]
618 725 [4]
13 128 [2]
434 565 [0]
59 655 [8]
499 671 [1]
115 129 [6]
150 477 [5]
42 605 [5]
34 334 [7]
197 422 [5]
283 342 [9]
15 109 [3]
261 576 [0]
266 533 [2]
11 722 [4]
273 371 [5]
439 499 [3]
30 602 [9]
20 467 [7]
15 55 [5]
460 620 [1]
16 146 [2]
501 544 [1]
541 722 [3]
228 288 [8]
172 571 [9]
203 502 [0]
34 580 [8]
128 276 [7]
439 618 [1]
69 492 [8]
564 739 [4]
190 742 [0]
421 490 [2]
158 182 [6]
36 709 [9]
34 378 [7]
549 792 [7]
130 232 [7]
102 501 [8]
70 182 [1]
91 408 [8]
262 476 [5]
270 425 [5]
235 330 [8]
224 742 [2]
66 585 [5]
263 496 [8]
427 799 [6]
419 456 [3]
72 253 [7]
301 478 [0]
284 730 [2]
597 661 [7]
249 315 [8]
588 772 [7]
34 488 [8]
23 639 [8]
100 274 [8]
397 424 [5]
171 708 [0]
70 253 [7]
125 377 [8]
12 18 [5]
203 574 [5]
20 349 [7]
235 403 [8]
189 328 [4]
363 547 [2]
6 505 [4]
310 452 [0]
187 496 [8]
545 791 [7]
165 349 [9]
82 591 [9]
288 495 [2]
29 590 [8]
63 545 [8]
138 187 [7]
233 414 [9]
566 672 [7]
367 547 [0]
440 582 [3]
480 622 [1]
6 115 [2]
222 371 [9]
59 262 [6]
135 516 [0]
58 658 [9]
44 380 [6]
380 548 [2]
314 502 [2]
573 739 [4]
172 327 [4]
51 615 [8]
27 544 [8]
326 497 [0]
198 479 [5]
213 534 [0]
152 425 [5]
523 544 [1]
15 594 [4]
65 538 [8]
48 657 [5]
51 318 [7]
92 138 [1]
68 241 [7]
51 407 [7]
53 316 [7]
61 316 [7]
43 260 [7]
61 411 [7]
86 275 [7]
50 321 [7]
99 468 [8]
292 690 [2]
70 477 [9]
103 497 [9]
134 317 [4]
271 286 [8]
336 532 [3]
34 355 [7]
325 644 [1]
289 586 [3]
19 587 [4]
109 386 [8]
265 437 [9]
193 519 [2]
22 646 [8]
323 768 [2]
419 583 [7]
177 433 [9]
157 285 [7]
163 232 [7]
253 469 [2]
244 254 [8]
37 783 [5]
360 500 [2]
59 354 [6]
422 704 [7]
112 290 [4]
63 422 [8]
11 146 [2]
73 641 [8]
244 414 [5]
597 660 [6]
376 399 [2]
6 479 [4]
293 648 [0]
29 548 [8]
126 461 [9]
481 631 [6]
39 561 [8]
230 236 [7]
150 374 [8]
17 82 [2]
504 622 [1]
34 536 [8]
280 515 [5]
446 511 [5]
109 297 [8]
288 577 [2]
42 564 [9]
149 673 [5]
532 601 [7]
430 479 [2]
282 405 [5]
6 113 [2]
268 288 [9]
454 747 [3]
180 547 [5]
131 299 [8]
440 533 [3]
284 361 [5]
150 753 [0]
77 126 [1]
395 402 [2]
241 525 [0]
39 414 [7]
262 488 [0]
300 515 [0]
35 600 [7]
1 791 [9]
259 379 [5]
279 370 [5]
329 527 [3]
168 264 [7]
57 316 [7]
284 295 [0]
112 324 [9]
32 509 [7]
157 392 [8]
590 675 [7]
387 505 [2]
60 683 [8]
16 379 [7]
154 613 [0]
72 487 [5]
21 534 [8]
6 175 [2]
208 310 [4]
599 696 [4]
116 447 [8]
231 549 [5]
472 566 [3]
32 451 [8]
56 638 [5]
261 565 [0]
163 708 [5]
210 534 [0]
133 483 [5]
223 496 [8]
80 649 [0]
139 308 [7]
294 459 [0]
255 292 [5]
48 308 [7]
210 449 [0]
119 587 [5]
66 163 [1]
483 754 [7]
99 467 [8]
12 594 [4]
23 470 [7]
501 513 [1]
294 511 [5]
314 418 [2]
127 248 [7]
49 353 [7]
117 267 [4]
44 329 [7]
99 567 [8]
124 673 [5]
315 464 [9]
37 558 [9]
140 337 [8]
200 474 [5]
594 609 [7]
465 697 [4]
148 354 [7]
48 402 [8]
194 389 [8]
23 91 [2]
170 516 [5]
88 202 [6]
40 314 [7]
172 350 [9]
313 588 [2]
7 567 [7]
5 641 [4]
9 333 [7]
29 469 [8]
119 657 [0]
44 559 [8]
23 351 [6]
59 199 [6]
50 507 [8]
59 671 [5]
240 566 [0]
719 758 [4]
199 200 [7]
103 490 [5]
197 430 [8]
123 365 [7]
269 307 [5]
198 317 [8]
22 451 [8]
242 507 [0]
195 340 [8]
456 747 [3]
236 336 [9]
108 320 [7]
178 353 [9]
721 727 [4]
143 568 [5]
326 495 [0]
188 551 [2]
154 443 [9]
265 501 [5]
244 490 [2]
284 565 [0]
214 501 [9]
111 504 [8]
35 559 [8]
243 525 [5]
99 346 [8]
255 481 [2]
154 522 [9]
234 590 [0]
171 318 [9]
83 475 [9]
170 327 [7]
229 429 [0]
16 84 [2]
252 549 [0]
223 269 [8]
52 359 [7]
204 577 [5]
13 616 [8]
365 540 [2]
427 528 [2]
230 308 [8]
315 475 [2]
260 329 [5]
439 755 [6]
17 18 [5]
284 434 [9]
220 361 [5]
328 538 [0]
5 505 [4]
42 625 [5]
522 713 [6]
37 409 [7]
206 371 [5]
216 339 [8]
292 322 [5]
367 490 [2]
283 353 [9]
314 505 [2]
42 495 [8]
370 502 [3]
70 295 [8]
103 351 [4]
313 393 [9]
33 324 [7]
39 453 [7]
0 693 [1]
538 652 [1]
227 438 [9]
587 595 [6]
386 423 [2]
197 798 [9]
115 447 [8]
298 577 [2]
195 396 [8]
254 589 [2]
6 306 [4]
190 478 [8]
12 493 [7]
374 571 [0]
43 393 [7]
164 640 [9]
170 653 [5]
193 394 [9]
83 535 [8]
88 669 [9]
254 282 [8]
7 369 [7]
637 738 [1]
227 357 [9]
227 537 [9]
97 492 [8]
363 521 [2]
296 384 [5]
140 582 [0]
32 593 [8]
9 531 [8]
81 385 [7]
56 387 [7]
156 407 [7]
36 621 [8]
521 614 [1]
398 561 [2]
66 295 [8]
90 199 [6]
230 276 [8]
78 460 [8]
415 527 [1]
157 210 [7]
39 345 [7]
101 591 [0]
16 108 [2]
233 359 [9]
260 523 [0]
176 197 [7]
177 392 [8]
213 640 [5]
64 500 [9]
34 119 [3]
468 692 [1]
414 428 [2]
532 744 [7]
570 578 [1]
545 714 [7]
98 565 [8]
86 89 [3]
618 758 [4]
174 628 [0]
22 201 [3]
198 476 [5]
88 549 [9]
180 312 [8]
151 422 [5]
210 415 [5]
522 675 [6]
33 475 [4]
150 520 [0]
82 383 [8]
313 391 [5]
216 594 [0]
81 673 [8]
54 55 [3]
78 523 [8]
16 128 [2]
315 412 [0]
42 768 [8]
85 566 [5]
105 548 [0]
97 617 [5]
112 180 [4]
0 19 [8]
38 461 [8]
281 494 [5]
250 290 [8]
15 472 [7]
261 545 [0]
11 349 [7]
550 737 [7]
332 335 [5]
131 382 [5]
648 735 [6]
35 97 [2]
139 402 [8]
738 782 [1]
7 518 [8]
613 744 [4]
535 645 [6]
19 66 [0]
92 715 [5]
37 530 [8]
460 528 [2]
196 221 [7]
30 474 [8]
436 719 [1]
93 549 [8]
273 444 [0]
200 535 [9]
235 401 [8]
563 592 [3]
379 669 [3]
7 165 [3]
157 204 [7]
98 576 [8]
139 680 [5]
207 507 [0]
466 766 [6]
197 216 [7]
252 298 [9]
415 478 [2]
315 509 [0]
21 531 [8]
635 756 [4]
62 107 [3]
138 178 [7]
45 411 [4]
122 124 [1]
75 433 [8]
66 574 [8]
42 591 [8]
149 502 [5]
319 643 [2]
293 433 [0]
28 514 [8]
127 538 [8]
12 483 [4]
126 451 [5]
41 375 [7]
173 492 [9]
148 423 [9]
110 492 [9]
15 159 [3]
162 618 [0]
188 325 [5]
74 353 [7]
261 342 [9]
73 260 [7]
86 340 [7]
24 275 [7]
489 546 [3]
145 463 [9]
166 346 [9]
402 714 [7]
6 346 [7]
17 482 [7]
19 548 [4]
435 775 [4]
285 603 [9]
76 605 [5]
423 682 [1]
32 558 [8]
307 798 [2]
119 640 [9]
22 338 [7]
207 274 [8]
39 555 [8]
6 476 [4]
448 539 [3]
210 249 [7]
154 344 [7]
43 631 [9]
410 538 [2]
104 399 [8]
32 373 [7]
161 500 [5]
76 383 [8]
206 381 [5]
6 18 [5]
11 75 [2]
2 695 [7]
151 430 [8]
384 538 [2]
127 657 [5]
53 124 [3]
152 527 [0]
477 613 [6]
269 347 [0]
57 132 [1]
198 396 [8]
14 595 [8]
473 590 [3]
229 329 [5]
294 553 [0]
229 392 [5]
254 329 [9]
134 782 [9]
80 240 [7]
313 325 [0]
199 531 [0]
100 559 [0]
150 621 [5]
144 621 [0]
475 781 [6]
141 531 [5]
18 76 [2]
109 558 [5]
32 409 [6]
83 429 [8]
190 798 [9]
368 604 [1]
83 164 [1]
22 335 [7]
186 650 [5]
11 99 [2]
207 282 [8]
229 580 [2]
213 459 [5]
140 461 [0]
197 453 [8]
66 141 [1]
22 371 [7]
37 271 [7]
312 371 [5]
160 362 [8]
143 518 [5]
347 639 [1]
279 488 [2]
134 417 [9]
193 378 [9]
340 470 [0]
392 454 [2]
570 681 [6]
213 570 [5]
168 380 [4]
130 270 [7]
65 544 [5]
598 720 [1]
104 574 [8]
15 166 [3]
405 524 [2]
552 718 [7]
64 116 [3]
198 340 [8]
410 423 [2]
26 461 [8]
111 506 [9]
11 19 [9]
423 611 [1]
124 264 [7]
117 537 [4]
253 653 [2]
73 314 [7]
73 317 [7]
30 318 [7]
124 481 [9]
141 574 [9]
98 347 [8]
133 207 [7]
363 458 [2]
494 738 [1]
51 85 [3]
392 443 [2]
35 303 [7]
425 622 [6]
235 553 [5]
78 122 [0]
32 580 [8]
290 293 [8]
213 399 [5]
307 472 [0]
224 523 [5]
109 593 [5]
54 347 [8]
264 368 [5]
201 566 [5]
372 432 [2]
293 348 [5]
57 564 [9]
521 562 [3]
63 673 [8]
529 546 [3]
224 250 [8]
63 502 [8]
114 591 [8]
194 506 [5]
682 727 [4]
372 430 [0]
270 504 [5]
536 655 [1]
106 582 [8]
221 290 [7]
429 729 [6]
139 411 [7]
481 604 [1]
314 445 [5]
154 210 [7]
33 531 [4]
461 530 [1]
467 576 [3]
53 513 [9]
149 344 [7]
551 612 [1]
229 396 [9]
54 296 [7]
154 596 [0]
255 524 [2]
25 111 [2]
16 654 [8]
12 26 [5]
281 444 [5]
184 538 [9]
412 496 [5]
494 654 [1]
57 554 [9]
469 726 [7]
66 497 [8]
490 716 [7]
57 341 [7]
231 350 [9]
114 339 [7]
680 703 [4]
373 415 [2]
233 376 [9]
417 604 [1]
57 559 [9]
178 570 [0]
594 637 [1]
174 510 [9]
21 96 [3]
264 319 [8]
63 611 [9]
171 523 [5]
460 651 [1]
234 443 [5]
13 572 [8]
14 165 [3]
155 543 [9]
255 470 [0]
112 474 [0]
578 718 [7]
34 184 [3]
171 388 [9]
16 600 [7]
177 303 [8]
65 107 [1]
101 339 [9]
11 83 [2]
112 597 [0]
3 6 [9]
702 738 [7]
264 433 [5]
216 366 [9]
76 494 [8]
233 427 [5]
635 761 [4]
143 566 [9]
103 185 [7]
86 359 [7]
506 714 [7]
197 232 [7]
103 577 [9]
12 532 [4]
105 495 [5]
162 529 [9]
261 507 [0]
180 490 [0]
241 356 [9]
416 775 [6]
503 689 [6]
156 639 [9]
234 408 [5]
284 302 [9]
119 593 [5]
206 271 [9]
23 72 [0]
306 484 [1]
173 730 [0]
66 420 [7]
270 445 [9]
183 467 [9]
191 576 [5]
289 640 [2]
16 371 [7]
135 447 [9]
45 332 [4]
286 325 [5]
223 341 [8]
59 566 [9]
290 423 [5]
22 92 [2]
21 186 [2]
148 448 [9]
5 66 [0]
193 286 [4]
262 490 [0]
70 454 [8]
635 795 [4]
152 648 [5]
168 557 [5]
76 598 [8]
59 531 [9]
150 194 [7]
95 138 [3]
125 417 [9]
108 305 [9]
186 742 [5]
207 345 [9]
11 742 [8]
76 454 [8]
469 743 [7]
312 335 [5]
148 272 [7]
144 520 [0]
9 593 [8]
528 655 [2]
341 386 [5]
85 537 [4]
80 502 [5]
313 580 [2]
188 448 [5]
269 600 [5]
281 388 [9]
279 312 [9]
31 114 [0]
269 548 [2]
107 537 [4]
192 346 [9]
194 364 [8]
264 747 [0]
104 328 [7]
235 521 [5]
203 593 [0]
208 558 [0]
86 629 [9]
591 781 [6]
80 203 [7]
23 148 [3]
209 450 [5]
363 428 [2]
276 396 [9]
147 178 [7]
91 593 [9]
270 429 [5]
127 367 [7]
222 453 [9]
222 423 [5]
268 282 [8]
296 588 [2]
108 163 [1]
630 637 [6]
353 511 [0]
28 174 [3]
107 222 [7]
23 76 [2]
31 683 [4]
193 309 [9]
149 314 [4]
16 83 [2]
337 394 [5]
436 761 [6]
22 89 [2]
27 197 [3]
15 569 [4]
171 357 [9]
176 451 [0]
524 755 [6]
284 393 [9]
124 461 [5]
653 740 [7]
220 481 [0]
436 722 [3]
109 204 [7]
102 136 [6]
297 358 [0]
7 469 [4]
520 781 [7]
469 716 [7]
231 431 [9]
35 348 [7]
92 503 [8]
215 437 [5]
107 531 [5]
632 790 [4]
368 680 [1]
57 452 [8]
180 381 [9]
205 297 [9]
279 655 [0]
185 448 [5]
157 226 [7]
237 299 [9]
69 415 [8]
139 147 [1]
14 493 [7]
44 389 [6]
227 355 [9]
107 108 [1]
319 588 [2]
639 717 [4]
415 573 [1]
108 595 [5]
167 667 [0]
74 520 [9]
7 217 [3]
356 516 [2]
520 681 [7]
179 448 [9]
155 558 [5]
198 667 [0]
194 455 [8]
118 479 [9]
31 502 [4]
104 667 [9]
301 528 [5]
300 428 [0]
187 373 [9]
324 407 [0]
127 455 [7]
544 679 [4]
92 721 [5]
84 96 [1]
75 643 [5]
66 103 [1]
508 617 [1]
59 476 [8]
291 407 [9]
200 433 [9]
157 690 [5]
427 586 [3]
88 559 [5]
0 784 [0]
138 471 [5]
139 566 [9]
214 350 [9]
17 555 [8]
92 519 [9]
17 72 [0]
334 511 [0]
118 411 [4]
284 545 [0]
422 604 [1]
46 518 [9]
450 550 [3]
18 721 [9]
261 302 [9]
505 724 [7]
213 515 [5]
175 590 [9]
59 402 [8]
164 339 [4]
164 267 [4]
692 795 [4]
153 495 [0]
167 208 [4]
249 408 [9]
628 706 [4]
89 138 [1]
189 226 [7]
44 186 [2]
4 17 [9]
287 362 [9]
55 141 [3]
493 615 [3]
582 623 [6]
107 281 [7]
79 295 [9]
431 675 [6]
433 475 [3]
96 422 [9]
270 453 [9]
205 374 [9]
278 430 [5]
11 372 [7]
6 462 [7]
178 459 [0]
6 375 [7]
180 534 [0]
397 438 [0]
215 478 [5]
205 722 [0]
153 489 [5]
354 515 [5]
338 432 [2]
309 348 [0]
447 577 [3]
502 530 [1]
64 126 [3]
6 405 [7]
133 542 [9]
17 589 [8]
126 490 [9]
275 528 [5]
77 682 [5]
229 653 [2]
155 439 [9]
139 559 [9]
495 635 [6]
96 533 [9]
468 562 [3]
324 592 [3]
11 391 [7]
709 755 [4]
466 539 [3]
6 720 [8]
227 459 [0]
88 158 [6]
351 394 [5]
204 451 [0]
450 526 [3]
33 483 [4]
84 692 [5]
155 521 [9]
329 472 [2]
379 673 [3]
453 456 [0]
459 643 [1]
263 600 [9]
23 465 [8]
75 137 [5]
178 489 [5]
185 284 [8]
109 538 [9]
226 368 [5]
632 765 [4]
524 684 [6]
709 793 [4]
419 674 [6]
170 551 [0]
560 567 [1]
476 614 [1]
319 768 [0]
164 312 [4]
544 638 [4]
177 327 [7]
207 529 [5]
127 435 [5]
127 560 [5]
62 155 [3]
51 557 [9]
11 470 [7]
263 445 [9]
185 310 [8]
170 419 [5]
183 610 [0]
76 539 [9]
90 494 [8]
187 345 [9]
205 383 [5]
84 102 [1]
180 243 [4]
6 657 [8]
328 377 [5]
275 414 [5]
83 643 [5]
209 443 [5]
114 402 [8]
356 640 [0]
107 267 [4]
83 597 [9]
102 149 [1]
352 421 [5]
27 80 [3]
155 187 [7]
190 483 [5]
69 539 [9]
582 751 [6]
365 420 [9]
68 569 [8]
508 679 [6]
187 641 [0]
35 520 [8]
231 690 [0]
193 533 [0]
15 47 [5]
176 654 [0]
54 432 [8]
458 608 [6]
7 201 [3]
215 230 [8]
36 532 [8]
244 371 [5]
108 578 [9]
222 673 [0]
79 382 [9]
344 526 [0]
76 85 [1]
208 603 [9]
499 592 [3]
354 425 [5]
151 590 [5]
217 503 [9]
141 565 [9]
195 422 [5]
79 306 [9]
133 738 [5]
124 576 [9]
356 565 [0]
113 587 [5]
33 502 [4]
178 673 [0]
204 270 [4]
303 350 [2]
88 561 [5]
281 448 [5]
263 414 [9]
162 510 [9]
22 57 [0]
164 782 [9]
711 726 [7]
128 622 [5]
65 709 [5]
251 350 [0]
238 475 [5]
179 683 [5]
124 270 [7]
237 341 [9]
208 534 [0]
369 562 [3]
16 362 [7]
399 468 [3]
125 232 [7]
523 524 [3]
148 443 [9]
139 481 [8]
76 747 [9]
113 477 [9]
11 358 [7]
114 155 [1]
122 747 [9]
178 352 [9]
201 552 [0]
14 495 [4]
111 753 [5]
139 541 [8]
584 648 [6]
46 90 [3]
6 635 [8]
35 89 [2]
292 329 [5]
488 783 [7]
418 623 [6]
54 418 [9]
6 543 [4]
52 490 [8]
6 399 [4]
121 566 [5]
157 428 [9]
205 673 [0]
143 521 [8]
266 453 [5]
33 545 [4]
584 720 [7]
136 614 [0]
75 621 [9]
344 444 [5]
106 616 [9]
485 529 [6]
114 417 [8]
484 702 [7]
89 147 [1]
36 461 [8]
65 543 [9]
231 463 [9]
18 141 [3]
195 500 [0]
195 607 [0]
374 400 [5]
448 583 [6]
54 221 [1]
485 678 [6]
145 491 [0]
17 465 [8]
17 720 [8]
516 684 [7]
504 754 [6]
71 72 [0]
233 475 [0]
14 166 [3]
235 364 [8]
286 303 [9]
425 783 [6]
416 679 [6]
154 247 [7]
128 417 [8]
530 567 [3]
368 464 [0]
83 578 [5]
146 553 [9]
594 636 [7]
345 380 [5]
265 640 [5]
106 683 [8]
477 523 [3]
25 170 [3]
128 513 [5]
18 664 [9]
43 753 [9]
173 507 [5]
89 494 [8]
378 462 [0]
333 456 [0]
36 566 [8]
106 628 [9]
138 474 [5]
562 782 [1]
336 497 [3]
229 565 [0]
6 372 [7]
318 571 [0]
406 429 [2]
474 585 [7]
55 168 [3]
41 161 [3]
331 385 [9]
127 527 [9]
53 651 [9]
547 648 [3]
72 520 [9]
41 53 [0]
678 743 [6]
566 631 [6]
538 694 [6]
41 305 [4]
14 459 [4]
94 117 [3]
204 558 [0]
2 12 [8]
106 549 [8]
187 453 [9]
112 604 [0]
22 720 [8]
30 168 [3]
499 550 [3]
376 462 [0]
190 612 [9]
576 585 [6]
392 525 [0]
500 677 [7]
93 614 [9]
6 664 [8]
197 503 [9]
53 649 [9]
48 621 [9]
142 561 [0]
80 458 [9]
254 272 [4]
83 552 [5]
87 136 [6]
6 544 [8]
318 410 [5]
6 774 [8]
408 577 [3]
217 247 [7]
187 669 [0]
6 611 [8]
594 757 [7]
162 730 [0]
610 726 [7]
635 783 [4]
179 592 [5]
153 504 [5]
332 357 [5]
29 87 [3]
254 418 [0]
178 669 [0]
84 164 [1]
558 754 [7]
47 197 [3]
78 465 [5]
425 533 [1]
545 650 [6]
21 83 [2]
481 556 [6]
290 294 [8]
17 36 [5]
2 6 [9]
162 517 [0]
151 444 [9]
143 155 [1]
166 551 [0]
14 109 [3]
181 517 [0]
84 133 [1]
168 192 [6]
153 641 [0]
7 475 [4]
391 395 [0]
41 506 [4]
475 557 [1]
158 580 [0]
181 616 [0]
88 174 [6]
577 726 [6]
48 607 [9]
18 419 [8]
3 5 [8]
240 600 [9]
316 388 [5]
497 682 [6]
135 491 [0]
562 635 [6]
202 553 [5]
74 305 [8]
196 220 [8]
331 403 [9]
116 295 [9]
7 459 [4]
211 597 [0]
84 107 [1]
203 474 [0]
334 462 [0]
154 176 [7]
130 183 [6]
46 652 [9]
90 555 [5]
104 611 [5]
203 614 [0]
108 650 [5]
318 414 [5]
17 173 [3]
83 221 [1]
550 564 [6]
133 637 [9]
201 615 [5]
246 403 [9]
108 156 [2]
16 47 [5]
91 130 [1]
783 798 [6]
120 711 [0]
156 644 [9]
172 591 [5]
84 126 [1]
144 519 [0]
376 381 [0]
671 707 [4]
55 671 [9]
6 80 [3]
451 584 [7]
357 390 [0]
75 221 [1]
59 452 [8]
128 646 [9]
75 87 [1]
54 516 [9]
45 637 [9]
139 155 [1]
111 477 [9]
593 692 [6]
174 203 [7]
108 527 [9]
198 506 [5]
120 564 [0]
399 632 [6]
97 586 [9]
55 669 [8]
79 165 [6]
433 570 [3]
242 407 [9]
242 328 [9]
116 122 [5]
120 654 [0]
74 651 [9]
423 618 [1]
218 222 [4]
108 439 [8]
155 577 [9]
120 615 [5]
423 506 [3]
67 107 [3]
89 649 [5]
58 657 [9]
70 657 [5]
238 498 [0]
163 543 [9]
38 69 [2]
45 192 [6]
454 456 [2]
341 407 [9]
32 123 [2]
165 551 [0]
344 505 [0]
35 174 [3]
138 151 [6]
464 541 [0]
140 412 [9]
635 681 [4]
183 550 [5]
431 659 [6]
690 699 [7]
99 570 [9]
418 588 [1]
504 716 [6]
134 148 [6]
110 569 [5]
7 526 [4]
18 97 [3]
508 772 [6]
44 48 [2]
461 605 [6]
130 165 [6]
248 403 [9]
433 591 [3]
7 562 [4]
175 295 [9]
43 186 [3]
7 57 [0]
469 577 [1]
36 146 [3]
146 422 [9]
83 582 [9]
27 52 [5]
180 268 [4]
0 686 [5]
221 747 [9]
88 192 [6]
0 4 [3]
90 488 [9]
368 694 [6]
569 613 [6]
78 163 [1]
69 115 [1]
59 542 [8]
232 392 [9]
59 536 [9]
121 256 [7]
94 138 [3]
399 469 [1]
88 136 [6]
89 573 [5]
68 113 [3]
140 384 [9]
163 166 [6]
58 628 [9]
123 719 [5]
479 678 [3]
590 643 [6]
14 120 [3]
196 522 [5]
158 607 [0]
284 356 [8]
299 352 [5]
282 314 [9]
449 609 [7]
11 217 [3]
143 186 [3]
55 526 [8]
65 137 [5]
184 673 [5]
383 781 [6]
53 742 [9]
405 523 [2]
513 539 [6]
110 203 [7]
514 783 [7]
94 599 [9]
6 173 [3]
112 562 [5]
11 121 [3]
519 685 [7]
41 52 [5]
56 65 [3]
208 280 [4]
47 89 [2]
26 160 [3]
648 715 [6]
530 754 [6]
23 26 [5]
618 685 [7]
24 654 [9]
64 610 [9]
631 690 [7]
37 610 [9]
16 217 [3]
84 617 [5]
242 276 [9]
170 532 [5]
24 527 [9]
516 760 [7]
186 616 [5]
418 617 [6]
59 186 [3]
501 515 [3]
4 10 [0]
7 44 [5]
202 459 [5]
184 238 [7]
203 223 [4]
78 477 [9]
257 261 [8]
68 596 [9]
28 104 [2]
75 709 [5]
140 445 [9]
622 716 [4]
90 419 [9]
39 124 [3]
383 772 [6]
531 620 [6]
90 457 [5]
128 657 [5]
62 108 [2]
417 794 [6]
586 653 [1]
404 406 [0]
13 109 [3]
422 556 [6]
136 550 [5]
18 146 [3]
45 449 [5]
195 199 [4]
6 47 [5]
78 549 [9]
131 184 [7]
114 604 [9]
63 578 [9]
82 517 [5]
646 747 [1]
159 669 [5]
58 91 [3]
429 565 [3]
137 488 [5]
17 151 [3]
474 630 [7]
63 139 [3]
699 798 [6]
6 58 [0]
7 582 [4]
133 514 [5]
98 653 [9]
66 540 [9]
40 555 [9]
163 610 [5]
333 509 [0]
233 281 [4]
26 125 [3]
32 127 [2]
84 465 [5]
159 667 [0]
28 92 [2]
70 610 [9]
134 476 [9]
85 738 [5]
490 498 [1]
60 161 [3]
110 550 [5]
7 669 [4]
84 589 [5]
124 570 [9]
621 630 [7]
126 163 [1]
673 740 [6]
16 26 [5]
111 305 [9]
85 552 [5]
69 594 [9]
382 676 [6]
413 508 [2]
121 203 [7]
532 674 [6]
40 517 [9]
243 291 [8]
32 48 [2]
534 620 [6]
276 313 [9]
476 666 [6]
22 121 [3]
145 213 [7]
179 546 [5]
53 618 [9]
368 648 [3]
65 465 [5]
426 431 [2]
425 699 [6]
325 685 [6]
115 747 [9]
58 683 [8]
584 598 [6]
267 359 [5]
27 93 [0]
532 608 [6]
670 782 [6]
49 457 [9]
212 398 [8]
113 517 [5]
27 110 [3]
655 670 [6]
231 519 [0]
550 639 [6]
348 359 [0]
17 66 [0]
144 592 [5]
133 484 [5]
191 198 [4]
550 646 [1]
174 649 [0]
422 653 [1]
174 551 [0]
62 110 [3]
83 564 [5]
551 683 [6]
219 377 [0]
14 60 [5]
123 419 [9]
72 738 [9]
172 184 [7]
610 760 [7]
28 103 [3]
9 149 [3]
274 424 [9]
88 588 [5]
563 670 [6]
60 85 [3]
473 535 [2]
176 592 [5]
34 79 [3]
9 155 [3]
43 99 [3]
99 475 [9]
175 543 [9]
548 578 [6]
38 41 [5]
65 457 [5]
556 580 [7]
130 146 [1]
0 695 [1]
316 322 [5]
17 161 [3]
444 705 [6]
299 315 [5]
166 182 [6]
498 757 [7]
42 730 [9]
22 66 [0]
93 465 [9]
73 75 [3]
242 304 [9]
536 694 [7]
562 623 [6]
70 502 [9]
115 497 [9]
74 115 [3]
179 641 [5]
232 235 [4]
130 184 [6]
65 99 [5]
185 283 [3]
52 88 [3]
63 108 [3]
186 534 [9]
673 692 [6]
127 484 [9]
70 597 [9]
102 722 [9]
66 738 [9]
89 156 [3]
553 677 [6]
7 26 [5]
84 111 [1]
82 708 [9]
24 738 [9]
302 437 [5]
570 615 [1]
70 449 [9]
76 457 [5]
48 484 [9]
547 792 [6]
40 41 [0]
691 692 [4]
70 683 [9]
111 654 [5]
16 197 [3]
418 664 [6]
6 174 [3]
47 103 [3]
97 720 [5]
275 378 [5]
74 111 [3]
24 97 [3]
524 757 [6]
85 495 [9]
236 550 [5]
36 77 [2]
548 664 [6]
49 98 [3]
121 228 [7]
49 84 [3]
7 39 [5]
399 751 [6]
6 68 [0]
604 676 [7]
78 93 [3]
40 122 [3]
590 774 [6]
100 224 [4]
386 462 [0]
49 596 [9]
507 631 [6]
580 661 [7]
68 96 [3]
99 536 [5]
32 109 [3]
7 25 [5]
383 636 [6]
88 517 [5]
93 146 [3]
684 732 [4]
21 79 [3]
7 60 [5]
85 604 [5]
47 96 [3]
350 508 [2]
63 457 [9]
105 240 [4]
98 505 [9]
481 529 [3]
7 66 [0]
665 676 [4]
98 594 [9]
49 128 [3]
303 442 [0]
102 543 [9]
111 505 [9]
17 184 [3]
46 138 [3]
51 83 [3]
658 716 [4]
7 21 [5]
45 200 [6]
249 477 [5]
639 751 [7]
126 654 [5]
399 670 [6]
295 670 [6]
166 582 [5]
53 96 [3]
169 722 [5]
614 625 [7]
625 793 [4]
6 66 [0]
94 123 [3]
533 622 [6]
9 70 [2]
46 85 [3]
533 721 [6]
387 486 [5]
47 79 [3]
134 610 [5]
487 598 [6]
390 525 [0]
39 168 [3]
334 528 [0]
387 438 [5]
684 691 [4]
41 44 [5]
147 151 [6]
9 118 [3]
28 168 [3]
97 654 [5]
117 491 [5]
30 42 [2]
533 608 [6]
7 64 [0]
98 114 [3]
88 459 [9]
268 286 [4]
41 61 [0]
58 96 [3]
80 147 [6]
55 175 [3]
658 730 [7]
96 557 [5]
356 424 [9]
116 552 [5]
448 612 [3]
614 719 [6]
710 780 [4]
620 760 [4]
60 189 [3]
317 340 [9]
163 217 [6]
9 72 [2]
183 545 [5]
60 103 [3]
454 789 [6]
95 98 [3]
461 652 [6]
123 483 [9]
183 546 [5]
492 511 [2]
461 664 [6]
557 617 [6]
11 29 [5]
60 63 [2]
232 268 [4]
590 650 [6]
415 699 [6]
163 170 [6]
46 96 [3]
347 717 [6]
4 27 [9]
50 90 [3]
593 635 [6]
538 713 [6]
53 102 [3]
63 520 [9]
468 492 [2]
11 49 [0]
212 300 [8]
710 760 [4]
29 147 [3]
86 130 [3]
506 684 [6]
712 751 [4]
21 125 [3]
323 374 [0]
539 608 [6]
51 60 [2]
406 440 [0]
491 660 [7]
87 578 [5]
25 80 [3]
108 580 [9]
60 190 [3]
18 59 [2]
740 780 [0]
9 57 [2]
234 313 [8]
117 126 [1]
495 647 [6]
38 147 [3]
108 484 [9]
87 491 [5]
66 90 [3]
73 77 [3]
6 50 [0]
419 650 [6]
524 547 [3]
18 143 [2]
4 41 [9]
29 149 [3]
484 599 [6]
40 104 [3]
572 610 [6]
6 56 [0]
503 535 [3]
38 107 [3]
40 60 [2]
147 160 [6]
6 95 [0]
25 37 [2]
597 615 [1]
438 537 [5]
461 569 [1]
514 657 [6]
13 73 [0]
36 45 [3]
471 643 [6]
22 50 [0]
174 183 [7]
257 409 [9]
461 643 [6]
289 443 [2]
52 85 [3]
6 32 [5]
24 104 [3]
199 327 [7]
196 233 [8]
40 52 [2]
432 798 [3]
622 625 [4]
451 644 [6]
24 92 [3]
561 643 [6]
243 254 [8]
752 761 [8]
478 482 [0]
36 50 [2]
66 93 [9]
630 666 [4]
52 61 [2]
36 130 [3]
44 161 [3]
28 73 [0]
269 364 [9]
655 782 [3]
9 139 [2]
56 62 [0]
318 537 [5]
517 646 [6]
516 616 [6]
45 160 [6]
440 468 [2]
519 617 [6]
180 327 [5]
416 538 [3]
581 589 [7]
307 384 [0]
97 115 [5]
76 122 [0]
581 786 [4]
52 94 [0]
28 150 [3]
23 63 [0]
50 92 [2]
17 62 [3]
534 586 [1]
295 592 [1]
55 66 [2]
17 25 [5]
64 93 [9]
22 46 [0]
57 114 [5]
61 93 [9]
257 313 [9]
548 653 [1]
0 728 [5]
36 51 [2]
26 63 [0]
101 398 [9]
472 522 [2]
62 161 [3]
13 67 [5]
239 344 [5]
754 786 [9]
72 128 [3]
122 146 [1]
622 684 [4]
101 365 [9]
109 184 [0]
36 63 [2]
2 19 [8]
144 280 [7]
185 286 [4]
28 190 [3]
28 95 [0]
682 720 [7]
3 10 [0]
329 600 [2]
55 56 [2]
350 510 [2]
61 86 [2]
110 151 [0]
38 74 [0]
227 446 [8]
442 571 [2]
11 28 [5]
408 529 [3]
740 751 [4]
0 2 [2]
451 730 [6]
434 455 [0]
55 60 [0]
586 673 [3]
578 580 [7]
599 660 [7]
44 63 [0]
30 38 [2]
380 401 [9]
503 598 [4]
461 646 [6]
308 380 [9]
689 795 [8]
17 22 [3]
585 684 [5]
245 268 [2]
44 58 [0]
215 421 [5]
7 19 [9]
386 430 [0]
58 60 [0]
141 150 [6]
457 712 [7]
416 492 [2]
39 44 [3]
15 41 [9]
26 74 [0]
201 228 [7]
17 23 [3]
310 446 [8]
493 525 [6]
579 752 [9]
593 646 [6]
127 128 [3]
72 73 [3]
237 424 [2]
296 313 [9]
329 445 [2]
733 794 [5]
9 68 [0]
269 409 [9]
20 31 [0]
16 39 [5]
0 3 [0]
368 612 [1]
23 28 [5]
16 32 [5]
25 26 [0]
162 181 [6]
716 793 [9]
551 753 [7]
470 571 [2]
713 735 [8]
703 773 [8]
136 249 [7]
9 29 [0]
564 709 [7]
136 201 [7]
389 421 [0]
481 565 [3]
13 22 [0]
587 646 [6]
251 275 [9]
274 356 [9]
107 164 [0]
57 143 [2]
306 402 [3]
756 767 [9]
638 783 [8]
115 137 [6]
47 58 [0]
733 735 [4]
32 39 [2]
744 766 [5]
177 190 [6]
10 512 [7]
734 767 [0]
97 126 [7]
358 456 [2]
521 565 [3]
237 326 [8]
620 639 [7]
681 688 [4]
485 689 [9]
181 201 [0]
317 387 [0]
601 737 [5]
389 434 [2]
624 754 [9]
52 86 [0]
165 166 [8]
518 721 [1]
132 182 [5]
429 492 [4]
80 150 [3]
27 41 [5]
645 729 [0]
359 395 [8]
397 413 [0]
87 88 [0]
110 184 [2]
543 592 [0]
467 567 [3]
544 639 [3]
22 23 [1]
630 783 [0]
263 265 [3]
325 798 [5]
260 278 [7]
299 312 [3]
69 76 [0]
117 134 [6]
40 56 [2]
24 40 [6]
59 143 [0]
443 489 [7]
102 126 [6]
85 138 [1]
269 496 [3]
79 103 [1]
488 580 [6]
336 523 [4]
510 522 [2]
373 374 [4]
75 83 [3]
291 300 [8]
474 621 [6]
65 82 [2]
14 41 [0]
109 151 [0]
112 145 [7]
383 492 [3]
502 708 [5]
279 293 [1]
288 393 [8]
397 426 [8]
372 379 [4]
315 407 [4]
88 113 [8]
403 537 [4]
357 388 [3]
431 460 [4]
107 163 [8]
390 405 [2]
371 600 [0]
418 582 [3]
109 154 [4]
296 365 [0]
539 747 [2]
340 396 [2]
362 381 [9]
385 403 [7]
487 735 [7]
45 133 [8]
435 774 [7]
442 482 [4]
361 440 [6]
408 427 [2]
773 790 [5]
452 542 [2]
379 571 [4]
436 501 [3]
311 359 [5]
312 411 [8]
508 598 [4]
447 468 [9]
495 570 [6]
324 350 [5]
54 98 [3]
444 612 [6]
651 671 [0]
544 635 [9]
488 498 [3]
275 316 [9]
347 598 [8]
412 445 [2]
26 38 [7]
355 378 [9]
349 369 [7]
321 400 [8]
101 313 [7]
484 580 [2]
79 155 [3]
641 669 [4]
767 791 [3]
371 478 [3]
257 304 [6]
316 537 [8]
259 310 [5]
419 531 [7]
411 455 [3]
346 468 [0]
267 317 [4]
601 703 [6]
579 710 [2]
574 577 [3]
276 330 [9]
75 76 [2]
70 128 [4]
448 535 [7]
18 30 [3]
471 593 [5]
503 655 [2]
94 106 [5]
432 655 [4]
305 569 [5]
266 400 [5]
369 511 [6]
479 637 [6]
321 332 [7]
298 307 [0]
300 319 [4]
370 413 [3]
423 433 [9]
308 420 [6]
337 389 [5]
503 640 [3]
301 396 [8]
78 146 [4]
16 23 [7]
327 344 [8]
565 782 [1]
304 356 [1]
554 564 [6]
99 102 [9]
416 431 [1]
80 197 [5]
487 783 [1]
472 493 [8]
501 510 [3]
555 654 [6]
448 529 [4]
600 603 [6]
505 615 [8]
111 186 [6]
58 86 [5]
647 740 [6]
96 175 [0]
360 367 [3]
477 539 [1]
292 330 [5]
477 586 [4]
271 380 [5]
53 94 [2]
70 108 [9]
422 545 [0]
399 402 [4]
289 473 [0]
322 333 [0]
349 499 [5]
106 156 [6]
494 541 [1]
116 175 [5]
309 342 [4]
384 392 [3]
295 574 [5]
394 395 [3]
78 97 [2]
429 535 [2]
92 104 [2]
84 128 [4]
428 458 [0]
368 432 [8]
381 391 [0]
351 389 [1]
604 643 [0]
345 453 [0]
289 358 [3]
425 515 [7]
57 72 [0]
491 614 [9]
81 95 [2]
764 797 [7]
418 533 [4]
736 766 [9]
348 412 [4]
409 434 [2]
89 90 [6]
130 134 [9]
498 690 [1]
56 73 [6]
288 486 [0]
112 144 [7]
87 137 [9]
352 437 [7]
91 111 [4]
419 461 [8]
332 420 [4]
282 464 [6]
474 514 [9]
391 603 [5]
428 768 [7]
584 688 [9]
772 777 [5]
295 476 [8]
504 529 [2]
257 331 [6]
373 410 [5]
324 493 [7]
358 375 [1]
658 674 [5]
368 415 [7]
306 479 [9]
298 404 [3]
294 424 [2]
297 376 [7]
508 547 [1]
323 334 [8]
325 530 [0]
370 482 [1]
500 653 [8]
347 454 [1]
609 666 [1]
551 644 [0]
439 521 [6]
83 122 [7]
297 357 [6]
293 296 [6]
656 749 [9]
548 566 [2]
382 476 [5]
449 451 [0]
442 462 [4]
77 104 [8]
588 690 [1]
463 522 [3]
345 528 [3]
415 433 [1]
500 646 [4]
42 114 [3]
352 355 [0]
515 637 [3]
341 351 [1]
84 89 [8]
110 121 [1]
484 540 [7]
271 421 [1]
68 74 [7]
613 618 [7]
366 406 [3]
12 15 [1]
405 441 [4]
148 179 [8]
113 221 [1]
444 494 [2]
320 367 [3]
308 401 [6]
303 386 [6]
650 709 [0]
339 421 [9]
387 401 [3]
5 20 [7]
601 675 [3]
520 649 [4]
353 438 [2]
118 132 [3]
702 718 [2]
96 137 [8]
526 532 [7]
82 186 [9]
366 390 [0]
399 577 [3]
361 525 [1]
466 480 [7]
427 489 [2]
265 270 [9]
301 407 [5]
306 382 [7]
322 323 [3]
277 338 [3]
451 516 [5]
341 364 [1]
136 192 [4]
363 430 [5]
536 616 [5]
363 414 [5]
273 424 [6]
470 525 [1]
339 455 [9]
516 646 [7]
130 147 [8]
490 683 [8]
31 71 [7]
402 648 [7]
329 392 [8]
506 553 [4]
267 299 [7]
266 385 [3]
552 667 [4]
329 377 [2]
318 353 [0]
346 567 [0]
465 554 [4]
335 445 [9]
505 534 [5]
77 108 [0]
314 317 [9]
549 590 [3]
459 495 [6]
302 393 [2]
462 473 [0]
457 465 [9]
459 497 [9]
328 434 [7]
350 499 [5]
456 525 [9]
335 509 [2]
469 490 [3]
318 342 [2]
454 538 [4]
650 680 [1]
635 652 [1]
517 555 [8]
362 406 [9]
452 798 [4]
328 337 [3]
277 441 [5]
620 692 [0]
336 408 [7]
463 480 [5]
743 793 [7]
711 720 [5]
261 284 [0]
485 755 [7]
636 732 [2]
457 644 [6]
514 653 [0]
333 378 [2]
461 593 [0]
334 343 [5]
546 562 [2]
512 695 [8]
630 659 [9]
364 380 [4]
274 496 [6]
142 230 [8]
383 547 [1]
789 792 [9]
361 470 [1]
617 628 [3]
85 117 [6]
279 291 [5]
483 708 [2]
485 687 [8]
478 509 [6]
195 202 [4]
18 55 [1]
258 319 [1]
475 507 [7]
372 456 [6]
469 548 [0]
262 285 [7]
483 534 [2]
244 282 [9]
115 116 [3]
188 263 [7]
417 782 [6]
507 543 [3]
557 614 [0]
59 114 [4]
439 458 [0]
284 310 [7]
443 466 [9]
65 122 [2]
294 446 [9]
513 682 [3]
481 521 [4]
314 387 [3]
326 446 [8]
632 779 [1]
471 594 [8]
475 497 [0]
374 528 [5]
447 511 [5]
513 692 [6]
481 541 [7]
450 571 [8]
48 139 [1]
435 682 [3]
220 258 [5]
6 27 [5]
13 16 [1]
1 3 [4]
309 486 [0]
763 766 [2]
274 282 [7]
716 732 [8]
91 97 [1]
661 715 [2]
627 689 [0]
573 639 [5]
394 438 [4]
33 71 [9]
155 164 [5]
563 640 [7]
546 722 [3]
573 589 [0]
517 536 [4]
144 214 [4]
7 14 [8]
148 181 [8]
55 86 [0]
581 684 [8]
699 705 [9]
583 691 [3]
557 610 [2]
191 210 [9]
425 530 [9]
608 684 [4]
436 678 [2]
185 281 [2]
702 717 [1]
190 197 [7]
277 426 [4]
681 733 [0]
8 19 [0]
564 572 [5]
218 272 [9]
605 712 [8]
34 67 [7]
654 711 [3]
694 760 [4]
187 226 [0]
596 599 [8]
565 576 [1]
120 162 [3]
681 786 [3]
170 217 [9]
187 188 [3]
100 286 [0]
251 260 [9]
167 172 [3]
241 275 [1]
207 264 [0]
722 747 [6]
625 666 [5]
141 168 [0]
54 90 [1]
629 779 [3]
162 166 [4]
683 708 [6]
710 743 [8]
624 718 [1]
611 652 [2]
626 756 [9]
608 647 [8]
165 169 [8]
205 254 [9]
6 17 [8]
0 10 [1]
11 17 [6]
101 206 [7]
624 789 [4]
613 719 [2]
37 66 [0]
520 720 [2]
247 272 [1]
781 786 [7]
667 738 [2]
150 161 [7]
625 676 [4]
626 704 [9]
550 669 [8]
173 201 [6]
526 673 [2]
748 749 [9]
597 621 [2]
727 761 [4]
670 694 [8]
581 676 [1]
623 780 [0]
672 685 [6]
506 591 [2]
125 189 [4]
540 610 [9]
7 33 [5]
553 648 [0]
153 224 [8]
121 200 [0]
174 181 [8]
227 245 [0]
532 550 [7]
305 641 [2]
717 733 [3]
131 198 [1]
154 217 [8]
568 661 [8]
674 715 [4]
554 572 [8]
628 742 [5]
207 281 [3]
697 788 [0]
342 486 [5]
584 699 [9]
707 760 [7]
211 238 [1]
589 680 [6]
629 721 [6]
578 730 [2]
519 552 [8]
9 25 [7]
755 787 [3]
185 270 [4]
739 796 [9]
713 716 [0]
604 607 [4]
129 214 [9]
246 446 [9]
561 597 [5]
209 268 [0]
94 156 [2]
50 61 [6]
4 8 [9]
208 239 [7]
572 596 [1]
215 409 [6]
99 115 [0]
129 158 [1]
665 772 [0]
691 752 [3]
568 632 [7]
677 751 [9]
160 177 [9]
209 225 [1]
645 675 [6]
142 235 [7]
263 270 [0]
627 679 [5]
664 671 [0]
46 74 [1]
410 414 [3]
171 283 [5]
119 184 [5]
719 753 [8]
729 765 [2]
560 721 [8]
551 649 [9]
527 730 [4]
216 287 [2]
705 757 [6]
736 799 [0]
569 582 [6]
53 68 [7]
136 183 [9]
631 715 [8]
599 618 [2]
668 794 [4]
375 440 [7]
616 738 [1]
642 688 [4]
154 170 [5]
575 672 [4]
28 32 [0]
524 563 [9]
235 354 [6]
165 192 [9]
43 55 [7]
668 781 [8]
579 724 [7]
617 709 [1]
157 190 [3]
642 794 [2]
167 202 [6]
602 740 [0]
562 592 [5]
771 785 [9]
248 276 [1]
124 164 [8]
233 234 [6]
248 292 [5]
107 149 [5]
519 578 [3]
145 172 [2]
585 677 [1]
9 34 [6]
620 712 [9]
153 268 [3]
159 166 [4]
21 25 [7]
51 81 [9]
204 247 [6]
138 221 [5]
216 223 [7]
219 343 [4]
203 280 [6]
205 290 [6]
100 140 [9]
196 254 [7]
255 404 [6]
576 768 [6]
227 233 [4]
232 344 [5]
11 13 [4]
237 242 [4]
180 262 [5]
63 93 [4]
195 198 [3]
253 292 [0]
157 182 [4]
561 587 [1]
140 240 [1]
98 123 [8]
558 559 [0]
220 313 [9]
524 612 [8]
176 214 [2]
36 52 [1]
234 252 [7]
229 250 [2]
253 360 [3]
10 700 [5]
135 183 [9]
222 264 [4]
229 356 [6]
231 249 [1]
244 274 [4]
416 678 [2]
212 261 [0]
49 63 [7]
250 464 [5]
5 19 [5]
22 35 [1]
255 430 [7]
199 285 [7]
129 176 [8]
29 38 [6]
564 618 [5]
602 658 [7]
51 93 [4]
378 437 [0]
685 757 [0]
664 774 [9]
691 787 [5]
194 213 [5]
193 259 [5]
627 703 [7]
44 62 [9]
193 245 [3]
105 213 [0]
246 326 [4]
248 269 [9]
29 60 [8]
225 243 [0]
171 224 [6]
209 243 [0]
256 280 [2]
387 420 [5]
92 127 [6]
623 751 [3]
32 44 [2]
2 4 [8]
222 290 [5]
681 726 [3]
251 340 [4]
424 446 [3]
132 141 [7]
40 95 [1]
37 57 [1]
241 278 [1]
212 237 [1]
125 160 [4]
12 20 [2]
243 252 [9]
152 203 [9]
624 741 [3]
417 542 [4]
206 273 [1]
47 52 [8]
531 566 [9]
556 609 [0]
728 785 [7]
467 523 [2]
590 615 [8]
240 327 [2]
302 315 [0]
303 348 [1]
46 58 [3]
286 287 [3]
575 707 [2]
103 168 [1]
449 588 [6]
173 179 [1]
742 753 [7]
64 66 [8]
293 365 [0]
23 44 [5]
226 232 [6]
56 61 [1]
724 777 [9]
385 400 [9]
228 231 [0]
178 283 [6]
595 622 [6]
727 775 [4]
242 246 [6]
450 472 [2]
527 607 [5]
200 217 [9]
158 249 [3]
610 614 [7]
533 545 [8]
518 595 [9]
706 775 [4]
180 239 [4]
219 311 [3]
152 204 [1]
422 586 [8]
606 769 [7]
795 797 [2]
194 354 [0]
26 47 [2]
126 146 [7]
159 169 [4]
384 386 [9]
215 320 [2]
135 228 [4]
50 64 [0]
570 591 [2]
119 236 [2]
191 230 [9]
657 753 [4]
651 652 [6]
307 388 [4]
0 1 [7]
460 504 [3]
151 161 [7]
35 62 [9]
177 182 [7]
365 398 [5]
338 441 [0]
45 147 [8]
211 256 [6]
178 196 [8]
30 36 [6]
174 236 [5]
105 218 [5]
42 72 [9]
208 223 [2]
124 149 [7]
118 189 [4]
133 163 [8]
43 86 [1]
131 238 [0]
558 594 [7]
331 398 [1]
622 712 [4]
376 437 [3]
69 123 [2]
28 39 [0]
338 426 [7]
21 60 [3]
559 587 [2]
199 210 [1]
694 780 [3]
48 127 [3]
39 67 [3]
2 3 [1]
120 201 [1]
491 643 [0]
139 143 [2]
549 673 [6]
423 538 [7]
377 453 [3]
701 767 [5]
556 585 [6]
24 73 [7]
15 31 [2]
634 737 [5]
49 156 [0]
518 660 [1]
