1600
12
920
282
133
256
277
102
387
129
533
276
713
1320
444
50
327
67
474
170
89
157
650
57
319
429
185
537
70
118
225
1224
87
135
92
343
380
12
262
30
278
113
5
1312
156
171
515
617
288
210
197
293
85
192
664
303
149
616
159
115
525
164
68
144
374
1043
155
161
1485
526
333
66
397
107
7
183
220
13
1165
16
146
65
402
231
241
1
541
49
62
318
427
837
56
346
243
194
300
392
697
122
1351
34
64
989
254
684
547
83
27
273
95
0
215
104
514
280
463
734
196
72
322
412
222
366
932
401
1293
158
132
42
38
8
705
177
455
88
763
105
618
36
510
247
744
378
577
6
973
596
78
39
291
24
11
385
538
44
281
357
60
26
48
913
195
897
386
182
167
219
505
506
332
35
140
271
55
600
108
953
79
751
725
821
151
631
71
518
337
340
33
21
335
187
93
308
328
99
586
1245
191
1094
106
111
248
551
485
339
938
2
624
359
80
205
393
289
110
658
201
100
249
570
90
147
137
781
1321
445
457
1115
703
169
305
370
160
952
123
285
131
45
367
693
193
654
411
530
130
1112
605
1140
552
835
396
535
206
1337
524
810
683
886
313
574
203
390
250
354
466
260
626
22
145
364
234
602
665
606
121
202
356
287
501
136
128
798
819
405
1347
257
266
735
74
73
660
190
901
53
1524
408
52
431
545
168
229
1005
1035
1204
274
101
321
15
19
1189
224
119
218
150
47
261
399
138
452
507
18
394
1031
655
181
1077
296
828
561
748
671
294
382
783
499
29
614
667
184
822
619
432
592
141
662
1173
1025
534
226
679
926
239
495
906
1020
409
1286
716
758
815
214
1193
882
40
834
471
426
306
562
97
849
242
1103
127
295
641
1406
582
76
1061
1363
663
531
395
468
527
325
759
96
61
245
120
1018
425
391
420
948
410
373
148
648
739
398
290
1242
981
500
826
363
1432
400
43
915
1041
1152
188
221
747
255
314
28
804
1317
406
152
125
124
743
37
178
1030
114
14
529
1171
307
921
1134
1033
1534
1581
448
230
1141
676
836
1268
415
736
643
613
10
116
687
851
482
550
228
244
204
165
1010
803
227
223
174
379
211
722
1384
491
817
576
304
587
567
176
777
473
656
1471
1105
950
302
4
1101
1012
1149
813
91
1219
634
299
497
925
1222
81
786
893
546
58
1259
117
1273
772
330
84
944
269
166
1220
477
621
82
23
771
604
494
609
372
1382
1111
998
464
599
657
376
745
69
566
1486
1252
59
607
447
1044
103
1215
478
251
884
347
481
1052
572
859
575
872
731
1137
987
867
207
750
1049
360
661
568
601
1378
358
522
1392
368
424
439
430
701
232
1424
377
1379
259
1124
732
1163
941
578
636
272
342
459
513
371
860
175
680
450
770
186
787
75
384
807
511
454
126
418
263
635
3
965
738
1183
878
651
698
593
792
77
369
785
760
1457
428
237
502
923
489
54
523
823
887
883
453
1331
154
1464
1029
1306
728
969
869
963
284
775
1281
413
556
1240
793
919
467
854
179
264
520
112
1388
880
1009
723
1441
1194
1531
298
699
238
630
233
1179
479
235
1262
416
375
841
460
1176
894
1359
1100
348
94
674
1016
569
1257
297
317
1325
985
645
940
924
1221
1366
831
1092
433
714
888
1114
708
970
258
1195
754
449
142
622
1449
1564
896
677
1106
1063
341
1430
579
465
98
1047
1319
936
469
891
879
692
504
344
945
1059
554
1579
1284
1473
637
63
316
540
563
267
283
862
246
143
1413
1565
451
1566
780
542
560
217
435
584
1174
252
1080
1435
1088
519
870
173
1346
931
1517
980
642
866
1095
403
9
476
669
362
268
548
51
961
338
323
383
236
976
757
681
508
580
389
270
696
1207
407
724
1290
512
1004
1420
843
718
1356
876
1019
334
172
649
899
153
1304
1200
480
900
486
640
967
1453
749
1338
331
292
957
555
309
1437
1175
212
521
666
1072
712
1459
707
493
857
729
1120
1145
1082
565
109
812
766
809
1391
361
717
856
673
1104
776
25
1199
719
682
889
484
992
988
163
1118
1086
1590
352
939
326
996
1180
1282
653
943
329
1147
1294
1007
1208
858
1478
727
1559
441
689
438
365
516
907
423
865
1099
898
1184
672
852
488
1133
741
1369
312
543
791
1508
695
816
189
1470
788
31
1256
1139
472
198
832
1244
199
1469
691
632
134
644
355
845
668
1069
1187
951
1119
32
594
1162
1071
902
1397
1116
742
929
801
715
1212
46
315
442
1454
336
1381
827
1411
1024
1121
1131
1181
1476
1586
1299
795
590
553
1380
633
846
686
688
1170
496
1155
1217
903
458
1567
982
955
885
912
1002
475
678
350
755
1387
462
875
1015
503
808
979
922
1003
978
1136
805
1110
421
1480
802
492
558
1248
1188
417
265
1418
675
1197
216
908
623
710
779
972
1576
603
966
762
1410
638
404
1584
509
737
1571
20
1456
490
1249
1247
612
670
1192
286
162
847
960
598
627
436
1266
1084
1569
1301
1075
1446
1185
209
1479
1276
564
1135
986
1096
647
1390
1154
1057
1433
1573
351
1526
498
381
784
1462
964
1117
1064
591
844
1521
1436
1237
1209
629
704
1355
1109
1365
456
933
1233
840
1203
1333
1263
1225
659
1076
1168
1409
700
539
1329
1198
1258
942
1442
753
446
825
253
1332
1148
275
1027
1595
1592
1403
1070
1272
1322
842
1261
86
1239
1560
487
557
1597
200
1463
1575
1032
1108
720
881
1143
1090
461
991
1383
916
820
702
1572
1499
709
434
997
1078
1527
1511
977
797
1011
422
1302
983
1227
589
1079
1588
746
1279
909
1051
1228
848
861
1177
1358
1191
1407
1277
1376
1552
1488
1230
1296
1292
437
583
1550
470
1443
1283
1055
1142
1544
1202
1394
937
855
608
571
1073
1264
1310
1169
768
1001
1598
1448
829
1318
1087
959
1058
1271
740
1484
1522
1085
1495
1349
1398
1129
1492
1295
690
1562
1507
1289
1461
1450
1497
1362
208
756
528
1551
1540
1074
1246
799
588
1532
1434
1226
1367
1291
1339
1250
721
1213
1159
1251
1386
1487
1037
1510
1583
1563
1539
1026
1482
1515
1158
1151
1205
1444
611
1490
806
868
974
1330
1297
532
652
1504
1415
1578
610
240
1530
1352
1021
767
1341
1054
1396
1164
517
1580
1516
962
1340
917
1405
1561
1036
1255
1538
1146
1439
1372
839
1046
769
573
1404
1498
1593
1157
1186
1477
1408
1235
1518
782
1438
1298
1519
995
794
1307
1393
1483
1138
1067
559
904
773
946
1541
1160
1034
1585
1023
1098
1305
1440
968
1229
1360
890
956
1549
764
1127
549
1345
778
863
1280
947
1466
1452
1467
1314
990
1553
1000
1328
1557
1196
730
1568
1153
1231
483
694
871
1506
949
1270
733
1107
1113
1211
1465
1509
1344
1327
17
1546
345
711
1093
1089
1361
388
1421
1216
1334
349
1303
1269
1048
1503
1370
1570
1028
1417
1241
864
1022
1474
1006
1201
1326
706
927
818
595
1065
1308
581
796
1500
615
625
1234
752
830
1399
1313
874
1354
1445
1427
1481
1574
1097
1288
1513
324
1223
1426
975
1042
1324
1494
1316
1008
1323
1062
928
1238
1368
1496
1013
984
1529
1374
1455
1364
1514
1260
993
892
1373
853
536
765
1501
1547
1045
1400
1357
1587
1458
1582
1460
1536
1300
1419
1315
1425
1166
1377
1525
1254
1123
1132
213
824
1429
761
1161
1178
999
1017
1554
1335
1278
1350
1489
850
1218
1040
814
685
833
1125
1543
914
1548
1091
1336
301
811
1371
620
597
1309
895
1060
1599
1275
1267
1493
1555
971
1594
774
1150
1512
311
838
1528
1014
628
1126
1214
1081
1422
1122
1401
1353
440
877
139
1083
1414
1343
1491
910
1402
1577
954
310
443
1428
1102
1167
911
1451
1556
1210
1038
1472
1431
544
1274
585
1253
1068
1128
1232
1182
1050
1535
1542
1416
1285
1596
1558
800
1412
1423
1389
789
873
1172
419
1311
1523
1130
930
1348
994
1537
918
1206
1545
1447
279
1385
1475
1265
1520
934
1053
1505
1243
1056
1342
1156
1190
790
726
905
935
1144
1591
1039
1066
1236
1589
1375
1395
639
1502
1468
646
41
414
958
180
353
1533
1287
320
774 1114 [11]
754 1150 [9]
113 211 [6]
480 1123 [9]
1136 1334 [9]
615 1139 [3]
422 525 [5]
1257 1309 [3]
321 1050 [3]
49 948 [3]
999 1356 [9]
173 1460 [3]
594 1474 [3]
567 886 [9]
34 1041 [6]
257 940 [5]
561 1128 [3]
389 890 [3]
121 1130 [3]
454 1260 [3]
282 344 [9]
537 715 [5]
191 1528 [4]
693 859 [5]
1425 1565 [3]
1204 1596 [3]
293 643 [6]
7 227 [9]
241 1385 [9]
135 940 [9]
653 1372 [3]
72 1413 [5]
618 1430 [5]
241 681 [5]
38 879 [5]
618 1121 [7]
751 1441 [5]
810 1384 [9]
234 1564 [5]
359 512 [5]
763 891 [5]
136 375 [5]
763 1181 [7]
203 554 [5]
936 1377 [3]
333 800 [11]
420 989 [3]
644 1529 [9]
672 1312 [5]
410 705 [9]
402 1356 [5]
201 843 [7]
288 1101 [9]
525 1218 [11]
50 1476 [11]
1263 1485 [5]
76 95 [3]
327 859 [9]
75 938 [5]
241 1010 [9]
63 971 [9]
614 1535 [3]
186 359 [5]
62 500 [6]
403 1091 [9]
430 1045 [3]
1137 1348 [9]
104 1363 [3]
7 722 [9]
1222 1344 [6]
631 1029 [5]
160 1346 [7]
225 1381 [5]
1325 1422 [9]
362 393 [5]
1508 1516 [3]
133 906 [3]
469 744 [5]
567 685 [3]
409 920 [3]
684 982 [5]
201 1571 [7]
633 654 [7]
370 866 [7]
362 1336 [9]
523 1260 [3]
173 1599 [9]
148 1062 [6]
650 1384 [6]
192 1597 [5]
460 1367 [6]
137 1219 [9]
6 1133 [5]
106 640 [5]
1111 1537 [3]
92 944 [9]
1235 1338 [6]
725 1179 [5]
203 1486 [5]
26 867 [9]
547 669 [5]
36 1193 [3]
547 1039 [6]
862 1089 [3]
1299 1361 [3]
994 998 [3]
1106 1528 [9]
577 739 [9]
428 1316 [6]
118 865 [11]
634 703 [9]
1284 1503 [3]
343 1208 [11]
419 671 [3]
477 1545 [3]
1035 1348 [3]
609 1537 [3]
650 1325 [9]
68 923 [9]
1114 1161 [3]
614 920 [3]
277 966 [5]
1257 1489 [3]
692 1178 [11]
340 1428 [4]
135 736 [6]
1206 1220 [3]
1379 1423 [9]
411 590 [7]
93 1479 [7]
16 587 [9]
857 1031 [7]
187 666 [5]
84 1447 [3]
494 1206 [3]
463 1080 [5]
780 835 [7]
87 674 [9]
243 1247 [7]
649 1350 [9]
214 1254 [6]
197 1317 [6]
66 747 [6]
104 1095 [5]
551 757 [5]
220 509 [5]
1188 1231 [3]
654 1378 [5]
683 1565 [7]
313 1052 [5]
406 412 [9]
1080 1337 [7]
1454 1529 [9]
129 563 [11]
400 1428 [3]
44 1032 [7]
277 576 [6]
664 1432 [6]
1145 1440 [3]
85 907 [5]
445 542 [5]
435 703 [5]
526 809 [5]
24 653 [5]
24 943 [5]
677 1166 [3]
92 1194 [9]
390 803 [9]
430 930 [9]
291 1299 [7]
496 1574 [9]
97 1357 [6]
600 758 [9]
870 1509 [3]
382 967 [7]
439 1130 [9]
87 274 [4]
624 1418 [7]
287 1430 [7]
151 1068 [4]
239 1416 [6]
886 1195 [5]
48 1199 [5]
264 1368 [3]
560 1547 [3]
332 481 [9]
1293 1424 [9]
506 884 [9]
238 1245 [5]
183 381 [7]
418 658 [5]
925 1545 [3]
354 731 [5]
123 718 [7]
123 1384 [9]
193 701 [5]
856 1288 [3]
356 1219 [5]
56 458 [5]
198 917 [3]
403 1315 [11]
507 650 [3]
907 1524 [7]
870 1327 [3]
1245 1331 [5]
852 1022 [3]
476 1350 [11]
1088 1429 [11]
130 1265 [3]
219 1542 [4]
420 1431 [3]
139 1030 [3]
10 874 [6]
102 1397 [11]
474 788 [11]
1077 1535 [4]
387 1020 [6]
307 474 [6]
292 1146 [6]
1439 1459 [6]
167 1462 [7]
118 1380 [5]
683 1114 [5]
766 953 [5]
194 749 [5]
1364 1388 [3]
288 1198 [5]
400 1008 [6]
454 1596 [9]
125 1577 [3]
129 1366 [9]
157 661 [9]
129 1221 [9]
216 241 [5]
15 712 [7]
466 642 [7]
4 241 [9]
515 1199 [11]
1370 1566 [3]
343 856 [11]
431 889 [7]
403 937 [4]
134 1340 [3]
239 1392 [5]
109 1017 [9]
232 1460 [3]
126 1102 [3]
815 1060 [6]
828 1541 [1]
207 1529 [6]
216 1314 [3]
951 1516 [3]
480 1514 [11]
27 1124 [9]
102 766 [11]
679 1245 [9]
927 1114 [3]
1459 1466 [3]
308 944 [9]
138 651 [5]
57 439 [9]
303 857 [11]
176 1389 [3]
164 369 [9]
293 1457 [9]
186 837 [9]
157 982 [5]
149 1154 [5]
370 1170 [7]
1232 1392 [3]
67 1478 [11]
134 327 [11]
1026 1366 [6]
696 1358 [6]
259 1238 [6]
46 1501 [9]
765 1212 [9]
828 1067 [1]
661 984 [6]
295 821 [9]
325 357 [9]
256 804 [6]
474 1317 [6]
33 476 [5]
222 1397 [5]
596 776 [5]
201 212 [7]
261 900 [7]
568 926 [5]
848 976 [4]
356 609 [5]
216 1417 [9]
719 947 [3]
929 1501 [9]
150 1134 [5]
975 1183 [6]
798 1294 [7]
857 1204 [7]
610 1224 [5]
159 292 [11]
562 1060 [6]
541 1135 [7]
10 1523 [3]
536 1281 [3]
12 279 [11]
1 860 [9]
233 1316 [3]
606 1382 [5]
276 1456 [5]
622 1458 [3]
368 390 [5]
963 1431 [9]
232 1523 [9]
545 1072 [7]
969 1445 [6]
438 1241 [3]
630 665 [5]
530 934 [3]
496 837 [5]
523 1547 [3]
903 1506 [3]
698 882 [7]
268 328 [5]
35 565 [5]
387 632 [11]
474 1099 [11]
444 834 [6]
1191 1290 [6]
757 1292 [6]
280 1356 [5]
151 976 [5]
169 862 [5]
72 350 [7]
337 865 [7]
403 1407 [4]
578 663 [7]
1322 1561 [3]
650 1063 [11]
507 559 [1]
1124 1311 [9]
968 1571 [3]
1282 1305 [3]
460 1217 [0]
237 782 [6]
998 1045 [6]
327 521 [11]
12 1459 [11]
85 712 [11]
57 1453 [11]
146 1064 [7]
1163 1494 [6]
546 620 [3]
752 817 [6]
370 803 [9]
224 698 [5]
1124 1523 [9]
476 993 [3]
11 609 [9]
418 1400 [3]
616 878 [9]
36 866 [5]
486 1377 [11]
365 1525 [9]
684 1471 [9]
689 1132 [9]
5 1322 [5]
67 919 [9]
575 596 [9]
385 621 [9]
30 502 [9]
232 547 [9]
36 1217 [7]
160 1299 [7]
510 1560 [7]
57 682 [11]
444 1086 [11]
437 580 [6]
692 1540 [6]
273 712 [5]
38 268 [5]
151 888 [5]
39 1338 [5]
378 809 [5]
164 943 [5]
385 1082 [5]
304 1257 [7]
195 1549 [1]
503 1196 [3]
149 847 [5]
169 1041 [9]
264 1308 [6]
90 758 [9]
1103 1164 [0]
370 1200 [7]
33 907 [7]
203 1338 [7]
390 788 [7]
178 1416 [3]
369 1542 [9]
501 745 [5]
1232 1242 [3]
285 419 [0]
379 1423 [3]
527 860 [7]
719 1553 [3]
650 757 [11]
1255 1306 [4]
131 687 [9]
6 1141 [9]
195 1275 [0]
92 696 [11]
170 384 [9]
293 593 [9]
250 1262 [5]
1045 1453 [11]
280 802 [7]
172 1254 [11]
1048 1252 [6]
250 1100 [5]
547 901 [3]
619 750 [5]
473 874 [6]
293 965 [9]
729 1333 [4]
79 1092 [5]
87 965 [9]
1163 1419 [3]
478 1013 [6]
132 1542 [4]
323 618 [5]
267 1373 [3]
333 639 [6]
1013 1432 [6]
395 1346 [7]
113 1476 [5]
313 899 [7]
430 1467 [6]
185 1306 [9]
843 1042 [3]
841 1042 [3]
892 1179 [3]
175 1165 [9]
176 796 [6]
703 1182 [4]
1103 1320 [6]
707 1595 [6]
913 971 [0]
537 696 [11]
136 717 [7]
36 1463 [7]
11 1413 [5]
192 691 [5]
205 637 [5]
78 584 [5]
451 897 [5]
222 1459 [5]
322 812 [5]
80 663 [9]
619 765 [0]
567 938 [9]
322 800 [4]
245 384 [7]
83 559 [8]
577 1220 [9]
362 388 [3]
158 296 [3]
327 1199 [11]
359 926 [9]
1196 1459 [3]
290 1422 [6]
796 1188 [9]
1334 1410 [9]
391 993 [6]
1150 1242 [6]
398 1414 [6]
913 1071 [7]
359 679 [9]
249 926 [9]
399 1531 [7]
234 963 [5]
123 635 [5]
287 1049 [5]
66 1387 [5]
10 946 [0]
420 1458 [6]
1290 1513 [3]
433 830 [3]
917 1286 [1]
653 1017 [9]
693 1523 [4]
501 1379 [5]
1365 1593 [9]
221 660 [9]
397 546 [9]
544 1581 [3]
743 1130 [3]
228 1389 [3]
795 1452 [3]
1141 1253 [3]
869 1594 [3]
343 1464 [9]
416 1554 [3]
830 1092 [3]
1281 1594 [3]
1049 1166 [3]
473 1016 [2]
48 935 [3]
821 1018 [9]
247 1342 [3]
250 1341 [1]
469 1524 [7]
92 955 [5]
187 1039 [3]
1063 1577 [9]
573 1454 [3]
287 1378 [5]
1131 1580 [3]
380 1567 [5]
113 1168 [5]
367 749 [7]
728 1536 [3]
321 1384 [5]
30 701 [9]
831 1399 [3]
504 765 [3]
426 1405 [0]
518 1066 [3]
1042 1215 [6]
81 1065 [6]
867 1494 [6]
785 1360 [6]
1034 1183 [6]
11 1567 [7]
56 772 [9]
223 1385 [3]
699 761 [3]
157 1346 [11]
339 1325 [5]
543 1370 [3]
364 823 [5]
121 672 [7]
506 967 [5]
125 1253 [3]
1050 1222 [3]
314 535 [9]
26 246 [5]
140 692 [5]
648 789 [3]
665 876 [7]
6 1081 [0]
605 1194 [5]
832 1419 [9]
259 655 [5]
119 1356 [7]
144 1143 [7]
545 1475 [3]
232 380 [9]
119 807 [5]
379 1126 [3]
95 1454 [5]
403 1295 [6]
305 1253 [4]
273 1103 [6]
455 1387 [7]
186 262 [9]
87 426 [6]
385 758 [6]
868 900 [6]
876 1255 [6]
136 1568 [1]
42 1101 [9]
24 227 [9]
273 390 [4]
398 1487 [1]
234 837 [4]
455 494 [9]
734 1537 [4]
1332 1453 [4]
99 1041 [9]
391 1401 [6]
238 1017 [3]
223 455 [9]
1160 1410 [3]
765 1430 [3]
152 1289 [0]
30 461 [5]
113 351 [5]
642 1528 [9]
425 811 [6]
413 1578 [4]
1173 1177 [1]
125 1497 [0]
1099 1305 [3]
11 497 [9]
230 1414 [6]
308 352 [7]
479 1458 [3]
460 1536 [3]
197 1584 [5]
419 635 [9]
409 1396 [1]
31 1393 [3]
259 1132 [3]
137 970 [5]
280 1157 [8]
1093 1195 [6]
689 1231 [3]
705 1180 [5]
428 530 [5]
283 938 [5]
234 653 [7]
1397 1465 [3]
335 435 [5]
35 1389 [0]
100 888 [5]
19 1522 [1]
333 644 [5]
159 1256 [5]
164 551 [0]
359 1363 [9]
1183 1574 [6]
535 1242 [9]
579 1500 [3]
268 1570 [3]
1223 1259 [6]
1223 1379 [6]
304 1343 [3]
38 138 [3]
432 982 [2]
228 1102 [3]
269 1574 [6]
420 1473 [7]
497 1399 [6]
474 612 [5]
87 325 [6]
96 135 [6]
343 1363 [6]
985 1340 [6]
717 1592 [6]
717 1291 [6]
899 1544 [6]
673 1203 [6]
494 1204 [5]
851 1475 [3]
6 1343 [0]
151 380 [0]
164 953 [0]
575 1048 [6]
102 798 [4]
59 1065 [6]
1009 1166 [3]
241 1204 [6]
223 328 [9]
348 1261 [0]
618 809 [5]
671 1152 [5]
277 335 [0]
215 886 [4]
946 1410 [3]
118 978 [5]
569 1400 [3]
373 424 [7]
913 1135 [7]
613 1265 [3]
11 417 [7]
231 1331 [11]
177 1167 [0]
22 651 [5]
233 1554 [3]
94 892 [3]
91 1491 [3]
323 1223 [3]
136 444 [4]
356 812 [7]
376 1006 [6]
220 952 [4]
648 1386 [1]
1207 1570 [3]
1064 1106 [4]
146 654 [4]
185 542 [11]
328 837 [0]
156 386 [0]
403 1224 [11]
514 1358 [7]
164 658 [4]
969 1415 [4]
937 1369 [6]
62 1245 [0]
551 1092 [5]
232 655 [5]
335 1033 [9]
0 1222 [9]
32 1051 [6]
42 1259 [9]
380 750 [9]
692 948 [7]
281 529 [9]
220 1239 [7]
717 1293 [5]
79 931 [5]
66 1282 [5]
556 815 [7]
193 804 [9]
476 901 [7]
52 580 [7]
795 1419 [9]
285 355 [7]
69 728 [7]
74 1413 [7]
285 1470 [7]
1541 1576 [3]
600 1150 [0]
168 708 [7]
1097 1430 [3]
601 1426 [6]
1277 1469 [6]
224 1102 [4]
80 1047 [5]
480 1246 [6]
1430 1516 [6]
649 1169 [6]
171 623 [5]
537 908 [5]
183 1026 [2]
113 1446 [5]
1176 1400 [3]
42 1410 [7]
883 1371 [3]
841 1460 [3]
118 1433 [5]
171 603 [5]
617 1155 [5]
1008 1517 [3]
634 1441 [7]
74 1452 [1]
698 1140 [5]
949 1124 [6]
126 626 [5]
726 810 [3]
15 1274 [4]
489 1542 [9]
626 790 [3]
177 677 [11]
93 475 [7]
485 1591 [3]
231 1094 [0]
385 1301 [7]
48 1479 [7]
527 1405 [0]
1036 1112 [1]
759 1413 [7]
1042 1220 [6]
1179 1439 [6]
104 552 [4]
493 1241 [3]
1099 1509 [3]
140 1076 [2]
314 799 [0]
83 863 [2]
131 804 [9]
305 698 [5]
257 787 [5]
153 1551 [6]
949 1208 [3]
846 1146 [3]
879 1153 [6]
700 1477 [9]
215 1177 [7]
1012 1223 [6]
66 797 [7]
992 1006 [3]
340 922 [7]
672 1276 [4]
106 1030 [9]
507 1424 [5]
158 1086 [5]
384 1349 [4]
332 925 [9]
356 729 [7]
183 251 [9]
524 905 [3]
160 979 [2]
1270 1319 [6]
507 1163 [5]
943 1503 [3]
92 1103 [6]
228 1104 [10]
541 1024 [5]
164 973 [1]
205 940 [5]
1397 1466 [3]
263 1349 [4]
471 854 [7]
703 1082 [7]
497 1016 [2]
708 1203 [4]
52 1517 [7]
356 724 [7]
545 1291 [1]
138 867 [5]
405 1356 [7]
607 667 [5]
671 674 [7]
187 695 [7]
970 1233 [4]
229 1095 [7]
759 1392 [11]
543 1089 [3]
828 1118 [2]
192 1217 [5]
57 1479 [5]
399 724 [7]
85 553 [5]
640 1026 [6]
569 1529 [3]
919 1166 [3]
185 960 [5]
606 1352 [1]
412 1118 [5]
402 1097 [8]
993 1257 [3]
134 947 [3]
175 408 [5]
538 905 [0]
659 900 [4]
1377 1586 [9]
1247 1503 [9]
174 1543 [6]
239 1215 [5]
119 636 [5]
1028 1459 [3]
44 1446 [7]
283 1527 [4]
55 1576 [7]
80 795 [7]
938 1299 [7]
60 1002 [7]
21 678 [7]
751 1414 [0]
893 1210 [3]
891 1341 [6]
472 1153 [3]
544 1179 [9]
879 1553 [6]
294 478 [5]
413 1067 [6]
676 1593 [0]
569 1442 [0]
3 1186 [4]
479 803 [7]
1485 1508 [5]
548 946 [6]
392 1001 [7]
772 1496 [6]
729 1536 [11]
360 1080 [2]
1136 1186 [3]
45 1018 [9]
1076 1408 [9]
592 1056 [3]
667 688 [2]
1268 1593 [0]
155 1411 [5]
66 590 [5]
131 630 [5]
1351 1397 [5]
575 989 [9]
1112 1403 [2]
514 750 [9]
1111 1563 [4]
196 585 [0]
380 926 [6]
1144 1321 [3]
42 1451 [0]
688 1518 [3]
779 1201 [9]
65 689 [5]
780 1574 [3]
719 1115 [7]
679 1396 [1]
3 1522 [4]
697 1409 [7]
523 1185 [0]
671 1357 [0]
132 1592 [7]
448 1434 [0]
738 1308 [6]
543 1327 [3]
1137 1474 [6]
202 444 [4]
887 1444 [4]
707 1250 [6]
1095 1122 [9]
415 1496 [6]
47 839 [1]
803 1291 [0]
785 789 [9]
464 887 [7]
285 1498 [1]
415 1217 [10]
578 1170 [1]
66 1121 [5]
182 553 [7]
671 743 [5]
537 1154 [5]
260 1146 [1]
230 1221 [7]
63 784 [4]
396 1351 [4]
489 1280 [6]
593 1172 [9]
365 1349 [6]
18 613 [5]
450 1065 [6]
464 1510 [4]
203 954 [4]
906 1243 [3]
344 1237 [4]
150 1291 [1]
1124 1540 [4]
1190 1347 [3]
1192 1363 [10]
1117 1184 [6]
647 792 [0]
1112 1293 [4]
719 1448 [6]
791 1018 [2]
821 1025 [6]
337 1130 [0]
20 1500 [9]
928 1110 [9]
198 1506 [3]
398 417 [8]
1175 1465 [3]
476 1288 [3]
600 978 [7]
18 1056 [3]
49 452 [6]
346 715 [5]
586 1319 [5]
34 1310 [7]
312 1456 [6]
707 1237 [4]
1088 1326 [3]
68 974 [2]
230 1492 [0]
1197 1490 [11]
543 960 [4]
348 1250 [4]
216 1408 [3]
1174 1549 [6]
285 460 [5]
936 1103 [7]
785 873 [9]
627 694 [9]
87 602 [4]
334 417 [4]
911 1044 [3]
1199 1498 [11]
236 1508 [0]
907 1317 [10]
1118 1370 [3]
622 1018 [7]
781 1451 [0]
123 697 [4]
15 1235 [1]
658 1412 [0]
433 744 [11]
939 1114 [1]
763 1084 [7]
667 857 [2]
943 1461 [6]
104 1552 [2]
667 1095 [7]
336 1393 [3]
406 865 [10]
289 992 [7]
599 1472 [3]
119 547 [6]
371 1335 [3]
1042 1321 [0]
186 1461 [4]
61 1184 [2]
470 926 [1]
1257 1494 [3]
357 627 [7]
461 870 [4]
580 1362 [6]
922 1036 [3]
112 600 [11]
522 1473 [2]
717 1514 [11]
184 1534 [5]
179 1034 [6]
872 891 [2]
882 1194 [7]
831 893 [2]
540 1316 [3]
62 937 [7]
732 743 [7]
141 1370 [4]
253 1415 [3]
79 241 [0]
305 1369 [7]
981 1197 [10]
231 848 [7]
197 626 [4]
257 1342 [3]
550 1316 [6]
719 1450 [6]
164 861 [7]
14 1336 [6]
397 562 [6]
303 614 [6]
386 528 [2]
390 954 [4]
228 1460 [6]
1036 1480 [3]
49 543 [5]
183 655 [6]
606 1157 [1]
46 890 [3]
346 1264 [7]
581 1338 [3]
271 633 [7]
37 887 [7]
63 1323 [3]
227 1368 [6]
626 628 [4]
505 553 [7]
503 995 [3]
1092 1556 [9]
272 344 [10]
549 1432 [0]
247 1092 [11]
722 1441 [7]
158 1092 [11]
972 1321 [2]
561 1581 [5]
591 680 [1]
1019 1362 [6]
525 1155 [5]
156 239 [6]
1257 1365 [0]
409 1505 [3]
83 261 [6]
541 791 [5]
273 405 [6]
291 1385 [1]
1284 1392 [2]
626 1353 [4]
179 1032 [0]
407 1415 [6]
18 1486 [5]
1124 1422 [3]
738 1250 [4]
168 1438 [1]
308 911 [0]
202 1412 [4]
1005 1557 [0]
325 530 [9]
273 1276 [7]
65 1177 [7]
87 879 [11]
16 208 [7]
7 1079 [7]
37 1514 [6]
170 577 [0]
732 1258 [0]
704 1338 [4]
178 1387 [10]
966 976 [4]
166 1444 [0]
982 1570 [11]
833 989 [1]
478 980 [2]
399 500 [4]
1222 1228 [1]
402 1286 [6]
623 703 [2]
669 1308 [3]
127 1383 [1]
534 1155 [10]
147 709 [2]
1159 1331 [4]
700 1268 [1]
478 579 [2]
205 1351 [4]
907 1179 [1]
1020 1186 [0]
196 1021 [2]
1025 1358 [8]
376 1040 [3]
761 1015 [9]
1319 1409 [4]
744 1062 [1]
249 695 [7]
862 1203 [4]
72 758 [6]
950 1372 [4]
323 830 [3]
101 435 [7]
471 568 [11]
1242 1539 [0]
453 1389 [9]
68 572 [9]
455 714 [11]
114 1007 [10]
499 653 [2]
424 1216 [6]
424 1085 [0]
1380 1554 [9]
49 1125 [1]
1183 1482 [4]
34 1550 [7]
548 1084 [4]
658 1536 [0]
190 1393 [1]
423 1571 [4]
1152 1360 [0]
21 561 [6]
1453 1488 [6]
304 951 [10]
721 878 [4]
1511 1531 [4]
1173 1273 [5]
882 1075 [10]
882 983 [1]
236 1576 [0]
168 871 [0]
870 1444 [6]
293 906 [6]
614 1586 [2]
394 1507 [1]
978 1114 [0]
38 175 [11]
370 488 [7]
281 1253 [1]
362 612 [0]
669 1399 [3]
699 956 [6]
632 703 [7]
1257 1478 [1]
680 1370 [6]
632 1406 [2]
841 1211 [6]
182 1456 [7]
912 1564 [0]
61 1568 [0]
402 775 [11]
71 1131 [7]
217 539 [4]
196 610 [2]
510 1390 [7]
407 1339 [6]
291 1433 [7]
919 1350 [3]
267 812 [1]
182 633 [7]
266 1297 [1]
85 396 [4]
772 1444 [0]
238 746 [4]
241 775 [11]
37 1487 [0]
63 837 [11]
73 794 [1]
157 1532 [7]
837 1450 [2]
560 594 [1]
369 964 [0]
185 705 [1]
477 1122 [3]
1242 1244 [10]
1018 1408 [0]
678 1429 [9]
1110 1195 [0]
499 1147 [2]
179 730 [6]
287 510 [3]
551 1572 [10]
181 763 [6]
342 763 [11]
952 1569 [2]
38 1150 [1]
72 348 [11]
187 1187 [7]
1063 1549 [6]
100 286 [2]
1020 1111 [5]
433 562 [7]
49 1336 [1]
468 668 [10]
113 815 [6]
991 1116 [11]
502 1037 [4]
318 1235 [2]
739 1016 [7]
907 1103 [2]
477 1366 [2]
120 1506 [4]
993 1105 [6]
82 692 [2]
418 950 [7]
479 844 [0]
488 1351 [5]
569 1497 [4]
258 1358 [4]
522 1570 [6]
469 1499 [4]
325 1593 [0]
446 1205 [3]
34 249 [4]
258 1472 [9]
687 963 [7]
530 1387 [2]
753 1009 [0]
770 1532 [4]
158 655 [6]
1459 1540 [6]
43 934 [3]
60 1272 [2]
18 528 [1]
372 1578 [4]
27 518 [4]
970 1142 [4]
926 1462 [8]
426 1092 [7]
862 884 [2]
543 850 [9]
1408 1456 [3]
1220 1449 [2]
568 1271 [0]
634 754 [2]
523 1562 [4]
175 1548 [3]
466 1222 [11]
1329 1570 [9]
721 820 [9]
429 1109 [5]
645 1463 [4]
687 1131 [10]
290 1280 [0]
869 1078 [0]
602 1036 [1]
531 1461 [1]
980 1249 [0]
395 782 [0]
93 929 [7]
237 567 [7]
56 1009 [11]
452 1033 [11]
452 1021 [1]
71 1254 [1]
142 875 [0]
107 721 [7]
1052 1078 [0]
747 1520 [3]
1262 1466 [6]
915 1440 [0]
45 1070 [2]
1088 1432 [2]
998 1210 [3]
93 1252 [11]
898 1237 [6]
842 852 [6]
1064 1457 [0]
333 1510 [7]
657 1268 [11]
965 1544 [0]
991 1059 [4]
1147 1547 [11]
359 702 [10]
878 1453 [10]
503 1429 [9]
375 609 [2]
795 1335 [9]
245 1211 [4]
645 1090 [4]
485 1523 [0]
1095 1298 [6]
699 1521 [0]
519 1480 [0]
1229 1432 [0]
444 1233 [5]
226 1217 [10]
605 1406 [9]
379 1077 [5]
1382 1491 [3]
331 1267 [9]
770 833 [3]
919 1479 [0]
860 1473 [10]
744 819 [3]
613 1378 [7]
95 1209 [7]
878 1356 [10]
1017 1380 [9]
673 1511 [6]
817 889 [10]
1075 1200 [4]
786 1394 [0]
389 854 [8]
201 1090 [2]
411 1329 [2]
723 1456 [0]
953 1029 [11]
1076 1585 [9]
606 913 [3]
685 1293 [1]
897 1392 [11]
24 1274 [1]
564 1230 [3]
192 888 [11]
413 1412 [9]
8 1062 [8]
412 738 [11]
215 393 [4]
220 1415 [2]
1030 1233 [8]
704 1379 [1]
1053 1363 [3]
299 1598 [0]
744 1364 [1]
977 1082 [6]
963 1581 [7]
956 1215 [4]
542 805 [0]
99 1187 [7]
542 1519 [6]
466 1479 [2]
906 1213 [1]
94 1199 [8]
28 1442 [8]
733 1189 [0]
520 976 [8]
372 448 [11]
618 1494 [8]
253 1044 [1]
842 1092 [4]
310 660 [4]
901 1428 [4]
224 1597 [10]
788 1090 [6]
786 1192 [8]
1280 1359 [6]
1204 1471 [11]
264 1456 [1]
400 922 [10]
65 1506 [2]
1162 1347 [2]
346 975 [8]
987 1079 [0]
402 1253 [0]
227 1067 [4]
66 750 [9]
671 1434 [1]
1258 1503 [9]
637 1157 [6]
724 1571 [4]
166 1244 [10]
106 1229 [1]
989 1358 [7]
1006 1356 [3]
708 1145 [8]
347 1229 [4]
18 1251 [1]
500 1146 [0]
739 769 [0]
254 1358 [7]
1136 1516 [3]
173 1479 [0]
29 858 [2]
410 1372 [0]
489 1570 [6]
497 1529 [6]
462 1254 [9]
121 968 [1]
960 969 [1]
210 1488 [7]
147 461 [10]
59 931 [2]
574 1438 [1]
453 1497 [4]
274 1471 [11]
822 1127 [0]
826 934 [3]
9 598 [0]
758 1296 [1]
188 940 [7]
698 1222 [7]
184 271 [6]
1103 1471 [5]
338 492 [0]
453 884 [2]
927 929 [11]
1020 1213 [1]
344 1186 [6]
486 1015 [0]
754 1215 [2]
1356 1576 [4]
111 680 [11]
872 1511 [0]
152 1223 [4]
1105 1319 [2]
772 986 [1]
861 1195 [4]
673 1135 [4]
199 1572 [6]
266 1192 [10]
433 1383 [4]
75 686 [1]
551 1426 [1]
499 981 [8]
572 968 [4]
101 1164 [1]
643 728 [7]
145 1483 [1]
642 1175 [11]
287 1036 [1]
821 1501 [1]
1322 1369 [6]
171 1046 [7]
613 1104 [2]
433 471 [7]
425 1467 [0]
616 1407 [7]
979 1459 [4]
971 998 [3]
321 975 [4]
39 1062 [1]
709 1114 [4]
137 1122 [0]
383 1482 [6]
547 728 [11]
580 689 [1]
561 888 [7]
900 1075 [4]
880 1356 [8]
430 780 [10]
219 833 [1]
1095 1404 [6]
197 1063 [11]
91 1584 [8]
568 1590 [10]
95 1492 [2]
387 1108 [5]
215 1464 [11]
759 784 [8]
1306 1573 [0]
58 1438 [4]
385 820 [2]
699 1465 [6]
940 1215 [2]
94 1562 [4]
467 1213 [4]
153 1512 [9]
408 442 [2]
337 1376 [2]
1049 1306 [2]
707 1588 [6]
707 1550 [6]
83 449 [11]
11 775 [11]
115 1341 [2]
869 1113 [6]
787 1566 [10]
78 1379 [11]
124 1036 [0]
757 1330 [6]
287 811 [4]
173 525 [11]
1031 1097 [4]
101 1368 [4]
713 1595 [5]
367 1168 [2]
241 1297 [2]
689 1077 [2]
817 859 [7]
593 1177 [0]
233 1590 [8]
834 1471 [5]
758 982 [10]
0 790 [1]
167 430 [11]
547 1531 [11]
198 1032 [6]
545 611 [1]
255 407 [2]
392 1100 [11]
960 1146 [3]
698 1276 [1]
629 681 [4]
961 1498 [6]
1168 1515 [3]
496 1178 [9]
944 1032 [1]
1135 1219 [8]
497 1527 [1]
520 1093 [6]
124 1168 [8]
846 999 [9]
937 1049 [0]
673 1594 [9]
118 1540 [7]
556 1355 [0]
963 1423 [9]
141 715 [2]
1070 1567 [11]
246 978 [0]
624 1355 [2]
801 1239 [6]
643 1529 [6]
671 705 [6]
444 734 [1]
889 1512 [9]
822 1256 [2]
976 981 [2]
205 1350 [0]
800 919 [9]
754 1332 [4]
576 1297 [0]
496 1161 [9]
1234 1351 [8]
264 1558 [9]
1030 1181 [10]
346 1151 [2]
384 1380 [8]
386 1272 [2]
196 456 [7]
272 433 [2]
1112 1301 [2]
79 842 [2]
786 1563 [0]
27 600 [0]
269 289 [11]
335 700 [2]
300 975 [8]
828 936 [7]
0 516 [5]
52 868 [1]
49 1498 [2]
516 1576 [4]
128 997 [8]
1185 1264 [3]
57 412 [1]
566 1530 [4]
1256 1527 [6]
777 1020 [5]
254 1051 [7]
500 667 [4]
576 731 [7]
126 1040 [3]
392 1243 [4]
943 984 [11]
314 456 [8]
538 928 [1]
459 1174 [10]
274 1244 [2]
602 890 [1]
710 1547 [9]
908 1458 [9]
148 771 [11]
15 612 [10]
599 971 [3]
28 1441 [7]
255 686 [10]
844 1557 [9]
591 1127 [9]
117 1541 [4]
382 1510 [1]
1247 1374 [9]
783 1110 [10]
819 1344 [0]
325 1162 [10]
16 177 [1]
972 1103 [10]
379 688 [8]
607 1512 [3]
338 1428 [9]
523 964 [0]
10 1082 [2]
183 585 [1]
697 1483 [10]
744 1531 [11]
498 546 [1]
141 1166 [4]
60 1271 [2]
1263 1303 [9]
410 709 [8]
772 1034 [4]
813 1037 [0]
273 1556 [8]
679 1344 [0]
418 1266 [1]
149 891 [11]
1032 1291 [3]
323 443 [9]
226 945 [7]
961 1102 [9]
1030 1444 [0]
4 1563 [0]
628 899 [9]
177 964 [7]
480 1014 [9]
379 1469 [10]
951 1197 [4]
9 842 [4]
174 816 [10]
899 1214 [9]
1215 1371 [3]
731 1406 [11]
73 1253 [4]
498 733 [9]
80 1491 [0]
274 1327 [0]
655 659 [10]
1301 1494 [9]
312 1074 [11]
371 1197 [1]
1225 1337 [2]
218 1121 [2]
172 1014 [9]
197 1498 [2]
158 1465 [8]
1108 1170 [11]
523 1293 [11]
365 1277 [6]
179 1390 [0]
148 845 [10]
548 1167 [9]
399 1329 [10]
541 962 [2]
337 399 [6]
607 1302 [0]
754 802 [0]
887 1269 [6]
808 1254 [9]
592 1487 [1]
40 1299 [10]
868 950 [0]
479 729 [8]
69 573 [4]
832 1141 [10]
531 1145 [2]
1462 1522 [3]
745 1230 [0]
27 456 [7]
710 1587 [9]
1010 1363 [5]
643 1598 [1]
988 1150 [9]
600 748 [6]
132 184 [6]
576 966 [8]
475 1100 [1]
562 1049 [11]
137 927 [1]
1441 1596 [9]
621 1196 [4]
878 1228 [0]
1249 1455 [9]
1105 1469 [10]
204 1474 [4]
359 1239 [2]
228 1002 [8]
763 1523 [1]
93 1352 [10]
140 1239 [2]
196 844 [7]
223 1424 [7]
902 1583 [11]
684 1263 [7]
613 1391 [2]
311 555 [9]
459 710 [1]
667 1208 [2]
381 1087 [3]
950 1276 [8]
780 919 [10]
165 1292 [1]
368 838 [3]
1174 1498 [6]
649 699 [8]
215 1341 [2]
50 1482 [7]
227 438 [10]
1024 1592 [6]
264 1362 [4]
689 861 [6]
1073 1379 [0]
473 1344 [4]
448 1283 [1]
973 1091 [1]
274 1249 [10]
1181 1219 [8]
136 315 [2]
536 1293 [8]
823 1175 [8]
548 1027 [4]
1411 1524 [2]
47 1202 [8]
734 1001 [2]
382 795 [2]
340 450 [11]
314 1116 [10]
268 911 [9]
826 845 [10]
254 977 [7]
314 964 [8]
463 1589 [3]
189 302 [10]
846 1424 [8]
193 1572 [10]
165 1417 [4]
1263 1291 [3]
805 1425 [9]
631 661 [11]
189 1482 [11]
632 1218 [9]
278 517 [7]
1016 1416 [9]
463 1295 [2]
748 1117 [10]
848 1092 [4]
223 1410 [8]
166 759 [11]
851 864 [4]
1015 1420 [0]
431 1491 [4]
786 1250 [0]
1242 1578 [0]
152 1480 [8]
281 1455 [1]
579 1182 [9]
461 489 [0]
201 1022 [1]
666 699 [8]
43 944 [11]
609 784 [1]
891 1411 [1]
407 1353 [9]
1197 1460 [9]
323 1119 [0]
59 799 [0]
389 1414 [9]
331 838 [9]
976 1491 [9]
805 1315 [9]
524 1576 [2]
1276 1420 [4]
454 696 [10]
527 1280 [0]
452 686 [2]
9 791 [1]
709 1247 [11]
343 1000 [7]
323 1117 [4]
499 543 [2]
681 1343 [9]
563 1068 [9]
893 1152 [11]
781 1525 [0]
343 1367 [7]
391 1044 [11]
990 1317 [4]
1058 1320 [5]
692 1128 [9]
961 1049 [10]
833 1347 [4]
389 1083 [9]
1188 1488 [11]
562 710 [10]
1248 1286 [10]
177 1558 [1]
647 919 [0]
468 1209 [8]
218 422 [8]
411 599 [11]
591 947 [9]
1197 1318 [11]
47 286 [10]
10 1119 [10]
619 1547 [4]
450 1239 [0]
822 1048 [0]
785 1195 [10]
368 1555 [3]
1140 1529 [0]
294 1588 [8]
1258 1421 [9]
684 1504 [2]
507 1326 [0]
984 1208 [11]
668 1507 [11]
1054 1165 [2]
347 582 [11]
463 1226 [2]
640 1528 [9]
944 1339 [0]
148 1162 [10]
1442 1546 [9]
128 1390 [10]
267 1253 [9]
162 1238 [9]
654 1490 [8]
65 1395 [3]
845 1489 [9]
948 1549 [0]
780 1274 [9]
288 1490 [7]
366 1490 [2]
273 895 [8]
692 1232 [9]
89 1488 [5]
284 1129 [4]
1007 1493 [9]
241 341 [11]
516 1309 [9]
630 1285 [9]
517 907 [11]
338 418 [10]
403 672 [1]
574 629 [2]
528 1192 [3]
1040 1244 [9]
845 1484 [11]
417 1536 [9]
23 1055 [0]
870 1082 [1]
101 1011 [8]
220 1315 [8]
860 1054 [4]
72 1236 [3]
357 1160 [10]
135 734 [1]
627 1097 [9]
489 493 [8]
1173 1479 [10]
147 774 [0]
465 929 [1]
567 1575 [1]
410 1116 [10]
162 1078 [11]
114 1277 [1]
916 1562 [3]
530 670 [2]
42 52 [6]
450 1213 [4]
555 737 [4]
822 1565 [7]
45 1166 [0]
990 1094 [1]
340 1177 [2]
511 564 [1]
802 1383 [11]
939 1566 [1]
684 1050 [8]
746 907 [6]
558 849 [10]
1003 1020 [10]
630 808 [1]
558 1258 [11]
786 1270 [4]
29 1529 [4]
347 598 [1]
1041 1465 [4]
574 1355 [2]
1043 1065 [2]
46 422 [11]
515 1169 [7]
511 548 [10]
486 653 [1]
872 995 [4]
1139 1566 [1]
382 1557 [0]
80 1000 [1]
392 1178 [8]
385 1087 [2]
1012 1442 [1]
11 861 [2]
525 1350 [8]
1019 1149 [2]
626 1250 [8]
1185 1574 [9]
512 1122 [9]
383 1573 [4]
366 1288 [8]
378 1017 [1]
402 831 [11]
562 1058 [1]
643 1103 [5]
205 1215 [11]
529 1557 [4]
739 1462 [8]
527 643 [5]
660 1433 [10]
514 1224 [3]
607 1562 [0]
186 1135 [1]
345 499 [0]
401 1313 [10]
551 1027 [2]
590 669 [0]
68 1558 [1]
551 1493 [0]
640 743 [2]
34 1375 [3]
603 1297 [3]
179 1230 [4]
410 1237 [8]
1002 1362 [11]
867 1247 [1]
101 922 [2]
54 1576 [1]
113 1352 [7]
710 1459 [4]
574 1202 [8]
505 1166 [1]
412 1494 [8]
700 878 [0]
834 1455 [4]
544 780 [9]
493 1197 [4]
562 655 [9]
1069 1551 [11]
931 1559 [1]
876 1422 [9]
99 764 [8]
791 1220 [10]
467 907 [8]
229 1594 [4]
15 1455 [4]
540 1119 [1]
1470 1543 [9]
1 1341 [2]
970 1256 [1]
274 456 [10]
741 1220 [10]
621 1367 [0]
399 1084 [10]
583 1100 [4]
676 1318 [1]
561 1421 [0]
966 1514 [9]
966 1364 [9]
379 1329 [1]
470 1378 [0]
0 1444 [2]
126 603 [1]
582 1459 [2]
219 1017 [1]
54 1332 [0]
836 1568 [4]
129 1001 [5]
984 1247 [9]
803 1139 [10]
431 797 [8]
971 988 [9]
132 1205 [2]
350 861 [11]
835 1055 [10]
1071 1598 [11]
175 1575 [0]
134 850 [9]
38 1201 [8]
464 1372 [4]
9 1387 [0]
908 1552 [11]
500 843 [2]
776 929 [0]
107 1025 [6]
1136 1166 [9]
659 1318 [3]
1115 1233 [2]
162 928 [9]
52 720 [10]
59 644 [8]
898 1566 [1]
430 776 [10]
821 848 [2]
589 938 [2]
290 1358 [1]
751 848 [2]
1119 1278 [9]
143 1259 [2]
611 636 [4]
366 1025 [6]
167 1393 [10]
663 764 [0]
558 1300 [9]
365 895 [9]
459 518 [11]
1448 1486 [0]
561 1588 [8]
1117 1469 [6]
299 1420 [2]
472 814 [9]
151 651 [11]
807 1575 [0]
801 1168 [6]
134 1436 [6]
1111 1136 [8]
1125 1470 [9]
534 1294 [2]
7 768 [7]
545 1511 [8]
423 1336 [9]
68 1046 [2]
471 1318 [1]
685 788 [9]
1136 1377 [9]
148 653 [2]
788 1459 [0]
1282 1555 [9]
332 1065 [1]
1077 1347 [0]
550 1003 [8]
239 1260 [4]
327 1051 [5]
1208 1275 [9]
474 583 [5]
212 582 [2]
449 1456 [0]
80 1540 [8]
1276 1427 [9]
170 1578 [7]
1185 1481 [9]
124 805 [8]
533 756 [5]
282 1358 [5]
975 1293 [8]
383 1007 [1]
598 1323 [9]
263 600 [11]
771 904 [4]
135 652 [7]
393 1599 [0]
490 1378 [1]
1070 1360 [9]
195 1202 [2]
295 356 [9]
477 1448 [0]
274 709 [8]
29 1258 [8]
142 1535 [9]
732 1257 [2]
749 896 [8]
220 1520 [0]
673 849 [2]
531 1288 [4]
1296 1337 [10]
990 1141 [4]
953 1358 [2]
943 950 [10]
534 863 [0]
1110 1419 [9]
914 1184 [9]
542 791 [1]
660 1271 [8]
710 993 [9]
903 943 [4]
425 473 [11]
518 611 [8]
413 1248 [1]
704 1469 [6]
1050 1564 [9]
768 953 [10]
1075 1137 [1]
747 1390 [8]
59 1462 [1]
560 1431 [9]
130 1275 [0]
446 1153 [9]
1119 1388 [1]
795 1220 [8]
300 1536 [8]
1127 1382 [4]
408 1048 [0]
1210 1346 [9]
692 1470 [1]
263 291 [11]
751 1022 [1]
399 685 [4]
431 1419 [4]
670 1482 [3]
716 1455 [4]
567 979 [8]
1231 1442 [9]
981 1409 [8]
550 1079 [1]
92 1026 [7]
952 1164 [8]
524 1017 [0]
1175 1240 [8]
347 889 [10]
874 913 [1]
59 1394 [0]
734 1008 [10]
287 1461 [8]
333 1034 [2]
104 1224 [3]
582 979 [10]
940 1424 [2]
164 345 [2]
834 943 [2]
1312 1349 [7]
0 824 [8]
360 1247 [1]
375 986 [0]
938 1332 [2]
45 1169 [10]
522 745 [7]
510 1191 [2]
963 1120 [8]
164 971 [8]
647 754 [0]
825 1196 [9]
798 1272 [10]
613 1070 [1]
1060 1559 [9]
807 1527 [0]
879 1165 [11]
183 1477 [2]
110 455 [4]
171 1487 [7]
396 1489 [0]
700 1318 [3]
357 1132 [1]
535 1313 [0]
884 1217 [8]
569 1542 [9]
411 1191 [10]
332 1546 [8]
747 1308 [4]
237 503 [1]
44 968 [8]
725 1504 [10]
1057 1204 [10]
605 1345 [1]
1035 1308 [0]
281 1055 [2]
632 1200 [0]
418 980 [10]
33 1427 [1]
428 1080 [10]
1168 1197 [11]
260 1410 [2]
297 792 [10]
710 1373 [9]
759 1513 [4]
223 1453 [2]
337 661 [11]
196 853 [8]
1140 1511 [10]
391 1403 [8]
129 1295 [5]
54 1411 [1]
187 259 [11]
55 1500 [1]
178 882 [5]
1163 1459 [10]
393 753 [2]
7 1484 [7]
672 1054 [11]
912 1590 [4]
858 1599 [9]
393 601 [11]
131 848 [10]
140 796 [1]
551 763 [4]
653 813 [10]
128 844 [10]
1117 1241 [9]
439 938 [11]
233 1598 [4]
101 1588 [8]
181 1576 [10]
642 1451 [9]
435 1472 [9]
931 1556 [9]
526 1502 [0]
356 909 [8]
568 1054 [4]
167 764 [8]
1202 1329 [3]
512 777 [2]
72 904 [10]
1263 1486 [1]
576 1076 [1]
817 1148 [1]
484 1110 [4]
861 985 [4]
193 1218 [0]
537 767 [7]
473 1333 [1]
80 959 [10]
360 1096 [1]
278 483 [2]
289 481 [11]
502 1565 [10]
27 868 [2]
754 1135 [0]
431 761 [4]
101 1373 [4]
1454 1576 [6]
439 610 [4]
755 1521 [6]
1187 1262 [1]
492 1457 [1]
744 792 [11]
10 961 [2]
763 1308 [8]
932 1500 [8]
944 1378 [7]
823 1473 [10]
293 1156 [4]
607 1333 [1]
149 765 [2]
705 1367 [2]
142 333 [11]
648 1318 [1]
618 814 [1]
1199 1480 [4]
188 818 [4]
535 1034 [1]
710 1442 [11]
1276 1326 [9]
552 1489 [0]
882 1242 [4]
71 660 [6]
78 1330 [10]
327 1165 [8]
70 392 [3]
33 1142 [10]
498 803 [8]
24 1482 [10]
599 801 [8]
498 826 [8]
882 1522 [1]
415 1302 [1]
322 1440 [10]
885 1189 [2]
835 1350 [0]
145 1443 [8]
335 510 [4]
1107 1173 [0]
57 1235 [7]
822 1211 [0]
203 404 [2]
1205 1321 [8]
568 741 [8]
599 666 [10]
1261 1345 [9]
113 1497 [7]
316 791 [1]
851 1200 [2]
128 1087 [8]
72 1541 [10]
127 1314 [0]
846 872 [8]
115 773 [2]
1239 1301 [11]
948 1384 [11]
924 1453 [8]
2 1344 [1]
431 1313 [0]
1025 1270 [0]
969 1181 [1]
120 1481 [4]
203 1511 [10]
972 1595 [11]
378 855 [2]
467 988 [8]
147 1225 [2]
428 894 [10]
489 504 [10]
913 1583 [10]
636 1177 [0]
22 1078 [10]
505 1327 [8]
1117 1474 [9]
609 1384 [5]
323 503 [0]
361 548 [1]
673 1018 [2]
699 1392 [2]
1024 1215 [8]
42 1291 [2]
524 1079 [10]
192 1461 [7]
929 1379 [8]
518 901 [6]
766 883 [8]
1195 1304 [8]
164 1484 [7]
1121 1290 [0]
337 377 [11]
342 631 [11]
501 633 [2]
389 688 [0]
1106 1240 [10]
503 1222 [8]
1356 1366 [8]
285 1553 [1]
592 638 [10]
192 1000 [2]
47 720 [8]
890 1261 [9]
698 931 [10]
501 600 [6]
517 518 [8]
510 581 [8]
952 1549 [1]
602 1264 [8]
367 1349 [8]
537 1065 [7]
464 867 [7]
485 703 [1]
604 1233 [1]
1082 1469 [0]
337 995 [8]
951 1391 [0]
60 99 [3]
1279 1532 [9]
886 1300 [0]
97 1317 [5]
1073 1524 [8]
405 600 [6]
586 1308 [1]
1 1389 [8]
818 1432 [4]
128 1595 [10]
1092 1473 [10]
574 1572 [10]
458 1252 [8]
356 1168 [10]
669 988 [1]
334 633 [0]
203 1074 [8]
244 1314 [4]
457 1509 [1]
960 1444 [3]
850 1140 [0]
551 661 [11]
238 1162 [1]
430 724 [10]
478 1462 [1]
506 1466 [8]
875 1184 [4]
621 1345 [4]
717 1187 [0]
485 1049 [11]
1237 1299 [6]
60 93 [3]
839 938 [8]
734 1216 [10]
991 1337 [10]
1052 1273 [7]
1064 1417 [9]
591 1028 [9]
308 1544 [10]
201 357 [3]
1127 1261 [9]
113 1113 [2]
854 1299 [1]
564 1201 [9]
598 1580 [3]
308 1538 [8]
182 1164 [10]
33 1303 [1]
592 1584 [10]
857 1454 [0]
455 1202 [2]
717 1019 [1]
1007 1111 [10]
468 753 [8]
135 684 [3]
1337 1458 [0]
347 1397 [8]
512 636 [10]
359 829 [10]
202 470 [8]
223 1070 [1]
211 400 [11]
478 1220 [6]
23 992 [10]
606 825 [10]
686 1259 [8]
594 852 [4]
428 1470 [8]
386 586 [3]
1280 1384 [4]
1225 1597 [7]
319 1501 [10]
430 832 [8]
132 1229 [10]
649 867 [10]
273 483 [10]
550 813 [0]
695 923 [8]
146 1506 [10]
600 1026 [10]
1173 1314 [0]
391 957 [2]
100 1250 [8]
1380 1571 [6]
346 1542 [8]
555 1215 [10]
506 1352 [10]
132 990 [10]
123 528 [8]
238 454 [2]
90 1292 [10]
1165 1558 [8]
390 805 [2]
217 1290 [8]
953 1036 [8]
606 1324 [0]
695 1002 [4]
390 978 [2]
1137 1162 [8]
1044 1082 [10]
1283 1482 [5]
370 1291 [8]
729 961 [1]
649 1131 [0]
1215 1338 [10]
515 790 [1]
496 1446 [6]
378 818 [8]
1286 1463 [8]
1394 1539 [5]
159 697 [3]
66 1506 [10]
561 1143 [8]
505 1251 [10]
179 829 [4]
835 1291 [8]
1391 1486 [10]
572 1526 [1]
455 631 [4]
121 1513 [0]
957 1119 [0]
511 919 [2]
74 592 [9]
624 1484 [10]
507 819 [9]
1032 1235 [9]
804 1406 [5]
253 1588 [3]
819 1500 [0]
86 1585 [9]
71 528 [10]
1473 1517 [8]
503 847 [6]
727 883 [8]
111 1405 [8]
541 1313 [10]
698 727 [8]
455 1538 [10]
474 1389 [8]
624 1510 [8]
713 1477 [7]
637 970 [1]
593 1194 [2]
624 1250 [8]
635 1559 [8]
133 515 [8]
66 1425 [10]
15 679 [9]
725 1507 [10]
1160 1575 [9]
510 1298 [10]
1302 1403 [3]
596 1341 [10]
1032 1518 [9]
606 1313 [0]
1411 1531 [1]
5 1354 [2]
578 1184 [8]
466 1484 [8]
1138 1575 [9]
526 1426 [10]
393 457 [1]
217 476 [8]
45 901 [11]
677 985 [10]
1099 1256 [0]
550 1471 [0]
937 1583 [9]
618 725 [4]
627 1409 [11]
500 1141 [1]
1108 1408 [9]
608 1510 [9]
247 917 [10]
222 705 [1]
171 1083 [10]
988 1244 [0]
665 978 [2]
579 1095 [8]
608 1386 [9]
149 1523 [8]
472 801 [4]
333 1574 [10]
289 356 [6]
987 1044 [0]
474 1350 [10]
121 1094 [6]
383 843 [1]
977 1255 [9]
121 938 [6]
841 1257 [10]
1227 1563 [9]
1572 1593 [9]
916 1108 [7]
192 1485 [4]
62 547 [6]
975 1513 [1]
1151 1302 [9]
1204 1524 [2]
134 742 [2]
12 1008 [2]
1108 1157 [9]
977 1036 [9]
611 1011 [9]
610 1340 [0]
797 1405 [9]
256 1036 [5]
1565 1579 [8]
295 1018 [1]
303 1554 [10]
709 1498 [9]
1227 1515 [9]
1302 1444 [9]
479 645 [8]
1250 1448 [9]
425 747 [5]
293 374 [3]
959 1367 [9]
824 1043 [10]
387 646 [8]
34 64 [4]
1270 1509 [11]
1107 1211 [5]
1270 1465 [11]
1398 1562 [10]
1247 1249 [7]
1352 1530 [10]
1202 1283 [11]
535 810 [4]
1330 1578 [5]
145 364 [3]
388 1546 [7]
357 505 [6]
487 1463 [0]
625 1399 [9]
921 1581 [1]
1390 1573 [8]
561 834 [11]
839 1404 [5]
1264 1310 [10]
472 1469 [5]
1129 1398 [1]
954 1491 [4]
997 1511 [5]
571 1169 [6]
1267 1275 [11]
959 1289 [9]
429 1377 [2]
1109 1573 [11]
746 1227 [11]
307 1268 [2]
338 696 [10]
1345 1553 [7]
1362 1532 [9]
212 712 [1]
1098 1360 [9]
361 1391 [2]
811 1336 [6]
959 1362 [9]
1058 1507 [9]
277 726 [7]
1058 1349 [9]
1365 1436 [3]
608 1001 [5]
908 1188 [0]
80 570 [10]
1313 1326 [5]
1280 1467 [0]
305 390 [6]
25 776 [3]
182 357 [6]
861 1488 [9]
69 607 [7]
1148 1592 [3]
92 1425 [2]
1277 1552 [5]
713 1468 [1]
799 1362 [9]
1518 1519 [3]
24 291 [9]
208 1246 [0]
85 192 [11]
133 1414 [10]
282 1528 [2]
995 1483 [5]
141 592 [9]
694 1344 [7]
917 1490 [9]
7 107 [6]
1098 1585 [0]
33 340 [1]
123 952 [8]
370 693 [3]
493 1338 [1]
1513 1574 [5]
1297 1415 [3]
946 1067 [9]
610 1021 [5]
939 1282 [11]
1239 1575 [6]
632 691 [2]
1155 1217 [3]
50 327 [1]
22 626 [5]
1174 1435 [11]
629 1109 [9]
1024 1381 [11]
806 1330 [5]
986 1390 [6]
1298 1518 [3]
249 658 [9]
48 913 [11]
49 62 [0]
737 1584 [9]
1164 1516 [0]
1280 1452 [1]
345 1089 [5]
1357 1547 [10]
498 1573 [11]
995 1307 [0]
699 1531 [10]
698 878 [10]
149 616 [0]
148 373 [9]
1064 1365 [3]
49 541 [11]
120 245 [5]
689 1559 [0]
688 846 [11]
809 812 [7]
1238 1496 [10]
1133 1369 [4]
1000 1557 [6]
709 997 [0]
462 1015 [7]
15 321 [9]
1299 1586 [1]
23 771 [9]
21 335 [10]
1213 1251 [7]
863 1345 [11]
580 681 [7]
840 1333 [5]
625 1500 [9]
1191 1407 [10]
670 1247 [1]
608 768 [1]
927 1308 [9]
1372 1538 [8]
1024 1131 [10]
1334 1421 [11]
1051 1279 [9]
1249 1456 [0]
1063 1430 [6]
1261 1322 [9]
32 594 [10]
995 1393 [7]
47 261 [11]
117 1273 [9]
1181 1586 [7]
818 1065 [7]
1154 1433 [4]
550 851 [3]
532 1504 [9]
1478 1559 [9]
714 1114 [6]
638 1584 [10]
95 273 [5]
97 562 [2]
1081 1214 [4]
929 1116 [8]
1396 1530 [3]
1055 1544 [0]
558 802 [6]
417 1418 [9]
939 996 [10]
521 1072 [1]
890 1549 [1]
933 1365 [5]
51 961 [9]
239 906 [5]
1280 1345 [7]
297 1325 [11]
117 1259 [0]
114 1030 [2]
1034 1160 [8]
1033 1134 [0]
1032 1575 [8]
115 159 [9]
1226 1434 [7]
719 889 [8]
861 1358 [9]
426 562 [3]
318 837 [4]
118 225 [6]
188 221 [1]
1029 1306 [7]
119 218 [8]
1027 1595 [4]
996 1180 [9]
28 314 [10]
124 125 [8]
167 219 [8]
130 530 [5]
174 223 [11]
1023 1585 [7]
166 1220 [3]
949 1270 [10]
984 1529 [6]
951 1119 [2]
127 295 [8]
946 1541 [11]
918 1537 [11]
127 1103 [10]
914 1548 [5]
125 152 [2]
128 798 [8]
1012 1101 [5]
126 418 [3]
126 454 [9]
129 387 [10]
998 1111 [4]
933 1233 [7]
949 1506 [1]
922 979 [9]
160 952 [0]
159 616 [2]
174 379 [2]
123 285 [8]
166 269 [10]
410 948 [11]
178 1030 [8]
172 334 [6]
910 1491 [11]
910 1402 [5]
909 1279 [0]
122 1351 [7]
138 452 [7]
168 229 [3]
912 1002 [3]
915 1041 [2]
945 1059 [8]
951 1187 [2]
950 1105 [5]
986 1135 [0]
170 474 [10]
937 1394 [4]
936 1319 [8]
1005 1035 [5]
1021 1352 [8]
1004 1420 [10]
942 1442 [1]
186 770 [11]
947 1280 [8]
186 787 [8]
130 1112 [3]
182 386 [3]
924 940 [10]
1024 1121 [6]
985 1325 [10]
131 285 [2]
160 370 [5]
1025 1173 [9]
167 182 [4]
1012 1149 [10]
942 1258 [1]
931 1346 [11]
941 1163 [11]
184 667 [8]
169 703 [2]
1007 1294 [0]
1032 1108 [11]
165 204 [0]
959 1058 [5]
183 220 [6]
1006 1474 [8]
185 429 [9]
124 743 [8]
185 537 [6]
169 305 [10]
922 1003 [11]
116 687 [1]
143 246 [0]
161 1485 [8]
155 1043 [8]
964 1462 [2]
184 822 [7]
987 1137 [2]
981 1242 [1]
1237 1436 [0]
986 1096 [11]
138 399 [9]
42 132 [2]
1277 1407 [9]
988 992 [8]
175 680 [6]
175 860 [4]
176 567 [9]
176 777 [0]
177 455 [11]
177 705 [6]
925 1222 [8]
140 271 [4]
137 147 [3]
1078 1527 [1]
1398 1492 [10]
1013 1496 [5]
162 847 [3]
179 264 [7]
179 854 [9]
181 655 [8]
142 449 [11]
983 1302 [6]
983 1227 [11]
924 1221 [9]
1288 1574 [2]
1007 1208 [11]
1269 1303 [1]
128 136 [2]
980 1517 [7]
139 877 [1]
978 1136 [0]
142 622 [6]
978 1003 [9]
977 1511 [5]
40 882 [4]
982 1567 [1]
121 202 [8]
955 982 [3]
921 1134 [3]
132 158 [4]
133 256 [9]
133 282 [5]
134 632 [10]
134 644 [1]
990 1314 [7]
115 525 [2]
1225 1263 [4]
136 501 [7]
0 95 [6]
150 218 [1]
964 1117 [3]
143 1413 [10]
156 1312 [11]
995 1519 [1]
962 1516 [5]
158 1293 [8]
155 161 [1]
1008 1316 [0]
163 1118 [3]
162 286 [3]
971 1594 [10]
154 1464 [6]
1266 1569 [0]
156 171 [0]
40 834 [8]
157 650 [9]
141 662 [7]
1229 1440 [7]
921 1534 [3]
1001 1598 [8]
144 374 [8]
151 631 [0]
1239 1560 [9]
163 988 [5]
151 821 [9]
975 1042 [2]
148 648 [10]
972 1576 [9]
149 303 [3]
1026 1539 [4]
959 1448 [5]
124 400 [1]
342 680 [2]
11 385 [3]
152 406 [3]
153 899 [5]
153 1304 [5]
968 1440 [5]
967 1453 [3]
154 1331 [1]
927 1326 [5]
1276 1479 [10]
44 538 [4]
1194 1441 [5]
45 131 [0]
52 431 [7]
45 367 [3]
27 273 [2]
35 332 [5]
29 614 [4]
546 893 [7]
34 1351 [11]
44 281 [8]
37 743 [1]
38 42 [2]
26 60 [7]
6 973 [11]
27 83 [9]
1252 1486 [3]
50 444 [10]
51 548 [6]
1263 1333 [1]
4 1101 [11]
54 523 [3]
30 262 [2]
0 215 [4]
1540 1551 [8]
30 278 [5]
1198 1329 [11]
1448 1598 [11]
1413 1565 [3]
8 38 [3]
8 705 [2]
12 380 [6]
3 635 [2]
1272 1322 [0]
2 624 [11]
46 315 [2]
43 400 [9]
31 788 [6]
7 183 [1]
1223 1426 [5]
35 140 [7]
36 510 [10]
9 403 [6]
1297 1330 [6]
32 1119 [4]
1188 1248 [9]
1200 1304 [11]
55 600 [3]
1186 1477 [5]
56 346 [11]
56 837 [6]
53 901 [6]
1230 1296 [0]
39 78 [2]
53 1524 [0]
31 1256 [0]
1198 1258 [5]
29 499 [5]
55 271 [4]
39 291 [11]
1436 1521 [8]
1238 1368 [4]
1255 1538 [10]
37 178 [4]
28 804 [2]
43 915 [1]
1403 1592 [6]
54 489 [9]
1563 1583 [1]
1260 1514 [2]
1 241 [0]
1499 1572 [6]
36 618 [4]
1209 1237 [6]
1216 1421 [11]
1194 1531 [3]
659 1076 [7]
1277 1376 [1]
1221 1366 [11]
26 48 [5]
1484 1522 [0]
2 938 [3]
46 1212 [4]
10 613 [3]
3 965 [0]
47 150 [6]
12 262 [9]
1450 1461 [0]
52 408 [5]
1191 1358 [5]
20 1571 [9]
1295 1492 [5]
21 33 [7]
1292 1296 [2]
119 224 [7]
89 170 [1]
16 146 [7]
1185 1446 [7]
16 1165 [0]
1284 1579 [6]
20 1456 [9]
1405 1561 [5]
6 577 [6]
1402 1577 [6]
9 476 [8]
10 116 [3]
1449 1564 [9]
1 541 [6]
11 24 [10]
5 113 [7]
5 1312 [1]
17 1327 [6]
14 114 [8]
1354 1445 [3]
360 661 [10]
360 1049 [1]
1349 1398 [11]
426 471 [3]
396 535 [7]
659 1225 [5]
433 714 [8]
645 940 [9]
1051 1550 [9]
417 1188 [11]
655 1031 [3]
1314 1467 [6]
18 507 [8]
80 359 [9]
111 248 [0]
1098 1305 [2]
1278 1350 [4]
1327 1344 [0]
13 220 [4]
347 884 [6]
694 871 [6]
358 522 [8]
96 759 [7]
1386 1487 [0]
1076 1168 [4]
1029 1464 [6]
90 570 [8]
63 637 [4]
64 989 [2]
65 146 [0]
94 674 [2]
1079 1588 [5]
22 145 [3]
4 302 [4]
645 985 [10]
1283 1443 [0]
23 82 [11]
1301 1569 [8]
15 19 [5]
63 316 [9]
97 849 [0]
78 596 [2]
65 402 [0]
66 333 [7]
1151 1205 [6]
1370 1503 [9]
14 529 [11]
1458 1582 [7]
692 879 [6]
19 1189 [3]
1291 1339 [1]
396 835 [9]
1289 1461 [10]
13 1165 [5]
1159 1213 [11]
66 397 [11]
80 205 [11]
1116 1397 [1]
74 735 [0]
642 980 [2]
663 1363 [1]
92 343 [1]
103 1215 [11]
18 394 [8]
359 624 [0]
1316 1494 [4]
1073 1264 [11]
104 215 [8]
1146 1439 [9]
1057 1154 [4]
1038 1210 [7]
1055 1283 [9]
1041 1152 [3]
1055 1142 [0]
93 187 [1]
1045 1400 [5]
98 465 [4]
1058 1271 [1]
1156 1342 [3]
91 813 [11]
1069 1187 [3]
1042 1324 [5]
1089 1361 [11]
1070 1272 [6]
1088 1435 [10]
107 397 [9]
1082 1145 [6]
109 565 [2]
105 763 [9]
60 357 [0]
71 631 [4]
1168 1409 [10]
106 1094 [7]
68 164 [7]
69 566 [9]
1139 1256 [3]
69 745 [0]
70 118 [11]
1175 1437 [10]
61 245 [8]
1054 1341 [11]
104 514 [1]
1051 1228 [7]
1086 1118 [7]
68 144 [5]
1157 1186 [8]
1074 1540 [4]
98 1047 [6]
99 328 [1]
70 537 [4]
86 1239 [2]
1067 1138 [11]
100 249 [8]
101 274 [5]
1064 1117 [4]
101 321 [11]
102 277 [7]
102 387 [8]
1037 1487 [8]
1062 1323 [10]
1061 1363 [11]
112 1388 [8]
1085 1522 [7]
92 135 [4]
59 1252 [11]
1075 1301 [3]
67 327 [0]
1090 1143 [7]
1148 1332 [1]
1045 1547 [1]
1291 1367 [9]
57 650 [7]
108 953 [7]
1047 1319 [0]
61 96 [9]
106 111 [8]
1048 1269 [4]
62 318 [5]
90 147 [11]
108 600 [4]
1084 1266 [9]
1063 1106 [5]
110 658 [7]
1070 1403 [8]
1091 1548 [2]
93 308 [11]
94 348 [9]
1087 1318 [4]
1086 1590 [9]
1146 1538 [9]
1181 1476 [9]
58 546 [2]
67 474 [0]
58 1259 [4]
59 607 [1]
110 289 [7]
57 319 [10]
1120 1145 [1]
77 792 [1]
1461 1497 [11]
79 751 [5]
411 654 [11]
406 1317 [6]
407 724 [2]
79 953 [11]
1123 1254 [7]
649 899 [6]
86 1261 [9]
81 786 [3]
1164 1396 [8]
81 1222 [10]
82 621 [8]
83 547 [8]
1111 1382 [0]
84 330 [7]
84 944 [5]
407 1207 [10]
85 293 [5]
71 518 [4]
1107 1113 [8]
1075 1446 [0]
87 135 [2]
1147 1294 [1]
1158 1515 [6]
1071 1162 [8]
99 586 [8]
100 201 [5]
1154 1390 [8]
1097 1574 [8]
408 1524 [0]
73 660 [8]
1130 1523 [0]
112 520 [4]
461 1383 [9]
75 384 [1]
75 787 [11]
113 278 [3]
76 1061 [3]
109 812 [3]
89 301 [2]
1123 1132 [7]
73 74 [11]
877 1353 [3]
1434 1532 [5]
710 908 [4]
997 1078 [7]
674 1262 [7]
957 1072 [0]
70 1425 [2]
413 556 [0]
91 1219 [9]
1326 1354 [5]
415 1268 [1]
409 1020 [11]
1122 1401 [0]
409 1286 [1]
25 1199 [1]
411 530 [8]
648 739 [7]
647 1096 [5]
405 1347 [5]
1051 1230 [9]
413 1281 [0]
72 196 [11]
1377 1525 [5]
1131 1181 [6]
361 717 [8]
1105 1471 [11]
87 1224 [0]
88 455 [6]
88 763 [10]
89 157 [7]
77 369 [8]
415 736 [0]
72 322 [2]
103 1044 [1]
1100 1359 [8]
1305 1440 [11]
390 886 [9]
1284 1473 [8]
740 1495 [2]
631 953 [7]
1283 1394 [9]
76 582 [1]
583 1292 [10]
105 618 [0]
420 948 [10]
641 1406 [0]
695 1508 [1]
634 1219 [2]
442 1454 [10]
628 1126 [10]
623 908 [10]
437 1292 [11]
629 1209 [4]
416 1262 [2]
691 1469 [3]
405 819 [0]
696 1207 [5]
438 689 [2]
400 1432 [3]
432 592 [8]
446 825 [3]
434 709 [6]
376 745 [9]
428 1457 [3]
345 711 [5]
651 878 [8]
363 826 [8]
347 481 [1]
440 1353 [5]
421 1110 [2]
688 1170 [7]
366 932 [3]
367 693 [9]
687 851 [9]
368 424 [7]
686 846 [2]
337 340 [10]
350 678 [8]
629 704 [3]
365 438 [11]
401 932 [6]
404 638 [1]
395 468 [11]
395 531 [2]
435 584 [4]
191 1094 [3]
349 1303 [11]
625 1234 [4]
432 619 [2]
422 1011 [5]
391 425 [10]
656 1471 [0]
633 846 [6]
421 1480 [3]
452 507 [4]
640 967 [8]
444 1320 [2]
622 1449 [3]
445 457 [9]
445 1321 [7]
446 753 [1]
424 439 [6]
431 545 [5]
633 1380 [11]
362 669 [11]
398 739 [1]
690 1295 [7]
441 1559 [5]
422 1302 [1]
638 1410 [2]
637 1473 [2]
423 865 [9]
423 907 [0]
433 1092 [8]
703 1115 [8]
401 1293 [1]
662 1173 [9]
653 1282 [11]
425 1018 [10]
642 866 [8]
436 1266 [8]
653 943 [4]
430 439 [7]
375 416 [11]
345 1546 [9]
643 736 [10]
358 1378 [3]
430 701 [2]
702 1572 [9]
702 820 [8]
348 1100 [9]
700 1409 [10]
394 1031 [4]
349 1334 [7]
695 816 [3]
704 1355 [7]
378 744 [9]
375 841 [7]
673 1104 [6]
677 1106 [7]
500 981 [7]
614 667 [10]
481 1052 [2]
350 755 [8]
598 960 [5]
381 784 [7]
712 1459 [2]
378 577 [0]
674 1016 [7]
352 1590 [11]
365 516 [0]
615 1500 [7]
458 1567 [4]
599 657 [0]
479 1179 [3]
598 627 [4]
338 961 [6]
344 945 [9]
673 856 [7]
672 1184 [0]
676 836 [1]
499 783 [1]
572 1052 [2]
492 802 [7]
568 661 [7]
372 609 [10]
572 859 [10]
539 1329 [9]
539 700 [3]
377 1379 [2]
382 783 [1]
676 1141 [9]
675 1418 [4]
384 807 [11]
336 1454 [0]
225 1224 [7]
453 1331 [11]
381 498 [3]
342 459 [11]
677 896 [8]
683 810 [4]
391 420 [6]
374 1043 [0]
681 757 [1]
685 833 [0]
714 888 [8]
571 1073 [2]
571 608 [9]
392 697 [11]
708 970 [4]
502 923 [4]
668 1069 [6]
668 845 [8]
682 719 [3]
620 1371 [7]
368 1392 [11]
403 1095 [2]
369 785 [1]
671 748 [11]
385 538 [10]
386 897 [11]
372 1382 [4]
373 410 [7]
569 1257 [8]
377 1424 [8]
503 1015 [0]
672 852 [9]
675 1197 [2]
371 513 [4]
371 860 [7]
505 506 [4]
670 1192 [7]
389 580 [3]
683 886 [5]
457 1115 [11]
569 1016 [11]
503 808 [2]
573 769 [6]
363 1432 [2]
732 1163 [4]
470 1443 [2]
376 657 [11]
233 630 [5]
339 938 [10]
456 1365 [1]
526 1485 [0]
920 1518 [5]
760 785 [6]
267 283 [0]
794 995 [5]
715 801 [4]
579 1430 [8]
307 1171 [1]
449 754 [2]
528 756 [6]
462 1387 [10]
516 907 [6]
576 817 [1]
554 1059 [0]
553 1380 [10]
542 780 [8]
553 590 [10]
459 513 [6]
549 1127 [8]
488 1133 [4]
578 636 [4]
769 1046 [1]
608 855 [5]
528 1551 [5]
494 609 [9]
496 1155 [8]
496 1170 [7]
532 652 [3]
753 1442 [7]
436 627 [0]
351 1526 [0]
788 1470 [1]
519 870 [8]
460 841 [6]
557 1597 [10]
523 823 [8]
529 1171 [10]
531 663 [10]
497 925 [2]
534 1025 [1]
512 1004 [2]
581 1308 [8]
559 904 [5]
254 684 [2]
552 835 [8]
233 1179 [0]
706 1326 [4]
606 665 [9]
581 796 [5]
351 1573 [2]
511 807 [6]
488 852 [8]
738 1183 [0]
509 1584 [8]
564 1135 [9]
521 666 [1]
869 963 [11]
865 1099 [0]
460 1176 [6]
578 941 [9]
487 1560 [3]
555 957 [3]
554 1579 [8]
542 560 [5]
491 817 [10]
490 1456 [4]
568 601 [6]
508 681 [3]
202 356 [7]
461 991 [4]
556 1240 [9]
524 810 [1]
334 1019 [10]
512 1290 [11]
536 765 [0]
793 1240 [0]
903 1217 [1]
552 1140 [11]
489 923 [2]
575 872 [3]
575 859 [8]
461 1090 [1]
462 875 [0]
564 1276 [2]
519 1088 [9]
517 1580 [7]
491 1384 [5]
540 563 [10]
547 684 [1]
565 1082 [11]
522 1392 [9]
450 680 [3]
603 1576 [0]
468 527 [10]
451 1566 [7]
469 891 [2]
782 1438 [9]
589 1227 [4]
480 900 [5]
454 511 [1]
709 1499 [5]
482 851 [4]
467 919 [3]
604 771 [8]
450 770 [6]
451 1565 [2]
603 966 [7]
475 1002 [10]
469 936 [6]
610 1578 [4]
465 579 [4]
467 854 [8]
447 1044 [10]
448 1581 [2]
483 694 [11]
458 903 [0]
613 643 [5]
464 599 [5]
717 856 [4]
453 883 [3]
619 822 [10]
532 1297 [4]
561 748 [8]
605 1112 [1]
679 926 [9]
477 1220 [4]
591 1064 [2]
483 1231 [8]
612 1247 [3]
718 843 [5]
325 527 [7]
476 669 [9]
561 828 [9]
567 587 [10]
719 1199 [4]
597 620 [1]
471 834 [4]
486 640 [7]
586 1245 [6]
585 1274 [4]
475 678 [5]
740 1271 [1]
593 792 [5]
831 1092 [1]
558 1248 [2]
354 466 [4]
234 364 [6]
485 551 [0]
588 799 [9]
472 1139 [11]
473 656 [3]
473 777 [4]
584 1174 [2]
486 900 [11]
591 844 [1]
484 992 [3]
590 795 [7]
602 665 [11]
470 1550 [1]
234 602 [8]
596 973 [7]
478 1215 [9]
484 889 [3]
236 383 [5]
582 1406 [6]
487 557 [7]
272 636 [8]
566 1486 [7]
589 1079 [10]
601 1378 [8]
355 845 [1]
235 479 [0]
235 1262 [7]
718 1356 [7]
504 692 [2]
757 976 [5]
272 342 [9]
804 1317 [1]
775 1281 [7]
270 389 [0]
355 644 [9]
214 1193 [4]
259 1379 [4]
256 277 [9]
230 1141 [9]
797 1011 [8]
230 448 [4]
239 495 [8]
227 803 [7]
248 551 [9]
242 1103 [6]
871 1506 [8]
232 1424 [10]
836 1268 [7]
237 502 [9]
829 1448 [6]
829 1318 [10]
238 630 [4]
238 699 [0]
247 744 [4]
228 244 [11]
827 1411 [1]
239 926 [8]
252 1080 [10]
217 560 [1]
207 750 [8]
844 1521 [3]
843 1420 [11]
237 428 [8]
853 1373 [4]
200 1597 [4]
195 913 [5]
890 956 [11]
196 734 [8]
806 868 [9]
251 478 [4]
226 534 [0]
224 1189 [6]
823 887 [3]
243 346 [8]
242 849 [0]
219 505 [2]
252 1174 [8]
805 1136 [0]
805 1110 [9]
213 1132 [11]
796 1500 [0]
798 819 [11]
226 679 [2]
797 977 [3]
813 1149 [6]
231 241 [1]
839 1372 [3]
228 550 [10]
839 1046 [5]
842 1322 [6]
249 570 [10]
253 1332 [1]
250 390 [11]
827 1381 [0]
197 293 [8]
255 314 [8]
292 957 [9]
255 747 [4]
232 701 [0]
840 1203 [0]
820 916 [8]
253 825 [0]
250 354 [10]
247 510 [10]
223 227 [2]
246 862 [4]
259 1124 [9]
809 1391 [6]
811 1371 [8]
808 979 [7]
802 1480 [4]
254 989 [6]
806 1490 [1]
197 210 [10]
858 1208 [3]
848 1228 [3]
206 535 [11]
206 1337 [2]
878 1183 [0]
855 937 [11]
221 747 [10]
861 1177 [0]
216 908 [1]
216 1197 [9]
217 435 [6]
251 884 [2]
767 1021 [10]
191 1245 [7]
879 891 [5]
898 1184 [1]
898 1099 [6]
193 654 [9]
236 976 [9]
198 832 [4]
199 1244 [11]
203 574 [2]
902 1071 [3]
190 901 [2]
559 1067 [10]
494 604 [9]
524 1337 [5]
463 734 [6]
611 1490 [5]
464 998 [0]
287 501 [6]
595 818 [8]
894 1359 [8]
543 791 [1]
204 244 [3]
831 1366 [10]
240 610 [9]
195 897 [9]
500 826 [11]
605 1140 [4]
480 1200 [4]
593 698 [6]
168 545 [6]
229 1005 [10]
240 1530 [3]
885 955 [1]
205 393 [3]
192 664 [5]
848 861 [1]
906 1020 [5]
905 935 [1]
189 1470 [3]
203 390 [7]
164 525 [7]
880 1388 [5]
880 1009 [11]
193 693 [0]
208 756 [11]
208 1362 [1]
209 1185 [5]
260 466 [2]
209 1479 [11]
210 288 [3]
864 1241 [10]
864 1022 [10]
214 815 [4]
222 366 [1]
876 1019 [1]
874 1313 [0]
194 243 [10]
517 1164 [8]
194 300 [6]
858 1478 [7]
867 987 [7]
866 1095 [3]
447 607 [8]
896 1564 [0]
211 722 [4]
894 1176 [7]
222 412 [7]
885 912 [2]
493 857 [8]
832 1244 [4]
883 887 [0]
201 658 [1]
882 1193 [10]
493 707 [1]
847 960 [4]
876 1356 [9]
902 1397 [11]
231 402 [0]
165 1010 [9]
776 1104 [4]
265 417 [10]
818 927 [2]
803 1010 [2]
257 1347 [2]
258 970 [10]
881 1143 [3]
267 563 [7]
780 1566 [9]
869 969 [1]
731 1137 [8]
339 485 [0]
742 1116 [10]
724 1290 [4]
290 1242 [0]
337 518 [5]
729 857 [8]
746 1279 [7]
322 412 [6]
325 759 [8]
740 1484 [6]
336 1381 [5]
741 1133 [4]
731 872 [8]
730 1568 [8]
730 1196 [9]
319 429 [0]
733 1270 [0]
307 921 [10]
304 576 [7]
723 1441 [6]
720 1108 [8]
330 772 [4]
762 966 [6]
288 617 [10]
304 587 [4]
723 1009 [4]
761 1429 [1]
207 867 [9]
332 506 [11]
333 526 [0]
292 331 [1]
290 398 [4]
716 1286 [1]
297 317 [2]
725 751 [10]
324 1513 [0]
323 383 [6]
732 1124 [9]
711 1093 [10]
261 399 [4]
329 943 [4]
715 1212 [9]
258 1195 [4]
708 1114 [11]
318 427 [0]
305 370 [2]
343 380 [10]
722 1384 [1]
308 328 [10]
721 1250 [10]
303 664 [7]
721 1213 [3]
309 1437 [0]
326 939 [2]
310 954 [8]
329 1147 [11]
306 426 [8]
727 1478 [10]
728 969 [6]
728 1306 [4]
275 1027 [3]
313 886 [4]
725 821 [6]
710 779 [2]
324 1223 [8]
309 555 [11]
323 338 [2]
713 1320 [5]
707 1459 [0]
344 504 [8]
716 758 [7]
762 1410 [5]
312 543 [9]
331 1338 [4]
738 965 [2]
737 1571 [4]
312 1369 [4]
313 574 [0]
341 1063 [9]
302 950 [11]
752 1234 [3]
294 382 [0]
297 1257 [0]
294 671 [2]
720 881 [3]
755 1387 [3]
295 641 [1]
754 1195 [9]
296 828 [10]
296 1077 [11]
801 929 [5]
316 540 [0]
190 660 [5]
276 533 [10]
772 1273 [2]
276 713 [5]
279 1447 [11]
280 463 [6]
280 514 [9]
281 357 [9]
289 393 [11]
264 520 [8]
315 442 [11]
733 1107 [6]
211 379 [3]
266 735 [10]
477 621 [5]
263 418 [10]
212 521 [7]
795 1299 [3]
793 919 [5]
791 1508 [0]
263 635 [8]
536 853 [3]
729 1120 [4]
257 266 [0]
172 649 [0]
931 1517 [0]
173 1346 [1]
173 870 [4]
868 974 [10]
212 1175 [8]
213 824 [9]
840 1233 [4]
189 816 [3]
782 1518 [3]
773 904 [5]
275 1148 [6]
781 1321 [5]
1000 1553 [5]
760 1457 [1]
274 1204 [9]
779 972 [0]
778 1345 [8]
199 1469 [1]
287 356 [10]
752 830 [1]
758 815 [0]
298 1531 [6]
299 497 [6]
299 634 [8]
750 1049 [8]
749 1453 [7]
749 1338 [3]
300 392 [5]
301 1336 [4]
764 1549 [7]
784 1462 [0]
270 696 [10]
282 920 [0]
188 1152 [9]
594 1162 [9]
283 862 [11]
284 775 [10]
766 812 [1]
765 1501 [0]
284 963 [2]
286 1192 [5]
137 781 [6]
774 1594 [6]
260 626 [6]
767 1341 [10]
352 939 [0]
515 617 [11]
268 362 [4]
786 893 [10]
268 548 [6]
269 944 [0]
892 993 [4]
122 697 [0]
947 1466 [4]
1000 1328 [0]
120 1018 [10]
121 606 [5]
181 1077 [3]
1035 1204 [7]
187 335 [1]
129 533 [9]
171 515 [3]
198 472 [6]
