500
2
150
110
144
116
146
493
115
104
148
35
445
143
215
167
228
307
234
261
345
245
474
91
105
83
322
383
486
49
420
461
242
14
426
454
39
29
108
423
57
485
77
27
290
283
309
282
62
53
52
378
136
130
264
179
233
304
181
193
180
156
296
249
96
212
55
478
253
247
161
154
134
468
208
214
131
472
448
140
236
280
444
138
141
419
340
252
33
68
118
114
366
342
213
109
482
26
463
124
480
24
59
54
365
12
314
300
102
201
281
316
66
46
11
349
479
22
270
243
338
341
466
133
47
58
224
87
235
240
71
63
175
155
388
137
197
79
25
80
311
336
9
356
13
16
4
352
61
43
187
149
97
370
357
20
64
40
275
265
194
153
456
119
182
178
17
15
69
34
272
257
139
417
209
218
271
269
2
369
294
328
260
263
354
343
125
451
165
172
158
244
313
332
293
0
198
202
488
495
151
107
75
30
113
455
327
310
429
439
199
84
364
3
164
171
415
386
377
319
367
1
331
321
19
359
414
390
344
347
226
210
277
256
121
452
188
184
363
339
56
384
302
291
278
337
162
160
168
163
408
440
258
276
65
475
353
362
491
50
348
351
8
5
231
86
427
424
391
399
292
295
330
297
152
186
413
418
375
90
371
374
385
380
465
128
44
38
117
229
416
442
431
406
397
407
459
122
411
430
103
106
129
132
381
232
227
207
437
432
498
67
7
10
428
422
305
326
487
484
259
262
335
288
94
373
317
324
267
255
216
204
237
239
23
494
76
72
220
206
481
492
298
329
203
225
467
462
299
301
434
438
409
412
36
31
230
195
394
405
350
346
185
192
274
254
476
41
355
360
223
211
312
315
318
286
425
111
81
28
358
361
170
174
372
93
120
449
241
250
379
382
92
100
441
435
142
147
489
483
306
308
37
497
401
392
95
99
403
400
21
18
450
458
320
287
333
323
123
460
402
396
251
279
169
166
404
395
443
410
6
368
325
303
470
126
285
238
88
82
334
289
246
266
248
157
89
85
389
387
447
421
499
32
464
127
469
471
200
205
217
221
473
196
189
191
73
70
45
60
145
135
433
436
273
268
177
159
183
190
173
176
457
453
48
51
446
112
496
490
477
42
284
376
98
101
398
393
78
74
219
222
110 150 [0]
148 150 [0]
150 156 [0]
150 154 [0]
150 155 [0]
149 150 [0]
150 151 [0]
106 150 [0]
142 150 [0]
110 388 [0]
110 111 [0]
115 116 [0]
116 228 [0]
116 117 [0]
116 229 [0]
143 146 [0]
146 147 [0]
114 115 [0]
115 206 [0]
104 105 [0]
103 104 [0]
104 200 [0]
101 104 [0]
148 150 [0]
146 148 [0]
148 149 [0]
147 148 [0]
35 37 [0]
112 445 [0]
143 144 [0]
142 143 [0]
213 215 [0]
215 216 [0]
215 223 [0]
115 228 [0]
228 229 [0]
147 228 [0]
307 326 [0]
234 309 [0]
234 235 [0]
234 310 [0]
342 345 [0]
345 370 [0]
345 355 [0]
64 474 [0]
474 475 [0]
91 100 [0]
91 99 [0]
103 105 [0]
105 106 [0]
83 86 [0]
322 323 [0]
484 486 [0]
486 490 [0]
49 52 [0]
130 461 [0]
461 462 [0]
242 244 [0]
12 14 [0]
13 14 [0]
6 14 [0]
415 426 [0]
426 427 [0]
426 431 [0]
426 430 [0]
425 426 [0]
454 457 [0]
453 454 [0]
39 493 [0]
39 46 [0]
39 44 [0]
39 494 [0]
39 48 [0]
39 51 [0]
29 30 [0]
108 150 [0]
108 110 [0]
107 108 [0]
423 444 [0]
112 423 [0]
57 58 [0]
22 485 [0]
70 77 [0]
74 77 [0]
25 27 [0]
27 28 [0]
290 291 [0]
290 297 [0]
290 335 [0]
290 299 [0]
283 285 [0]
53 381 [0]
52 53 [0]
52 478 [0]
11 52 [0]
52 381 [0]
51 52 [0]
66 378 [0]
64 378 [0]
232 378 [0]
129 130 [0]
264 265 [0]
264 269 [0]
244 264 [0]
264 267 [0]
148 179 [0]
179 180 [0]
179 195 [0]
233 309 [0]
11 233 [0]
158 233 [0]
232 233 [0]
195 233 [0]
3 304 [0]
304 305 [0]
301 304 [0]
180 181 [0]
155 156 [0]
156 157 [0]
291 296 [0]
292 296 [0]
249 337 [0]
249 288 [0]
249 250 [0]
249 334 [0]
211 212 [0]
212 222 [0]
54 55 [0]
253 278 [0]
253 262 [0]
253 274 [0]
253 254 [0]
106 247 [0]
134 146 [0]
468 469 [0]
208 209 [0]
461 472 [0]
136 472 [0]
135 472 [0]
447 448 [0]
236 237 [0]
240 280 [0]
137 138 [0]
137 141 [0]
139 141 [0]
419 420 [0]
137 419 [0]
33 34 [0]
33 72 [0]
33 499 [0]
32 33 [0]
68 69 [0]
68 70 [0]
118 456 [0]
117 118 [0]
118 453 [0]
114 456 [0]
113 114 [0]
114 117 [0]
1 366 [0]
212 213 [0]
106 213 [0]
109 110 [0]
108 109 [0]
107 109 [0]
106 109 [0]
26 27 [0]
25 26 [0]
463 467 [0]
462 463 [0]
463 464 [0]
123 124 [0]
479 480 [0]
480 491 [0]
480 481 [0]
480 490 [0]
23 24 [0]
54 478 [0]
54 56 [0]
11 12 [0]
299 300 [0]
102 375 [0]
281 377 [0]
281 286 [0]
281 285 [0]
281 284 [0]
316 317 [0]
312 316 [0]
64 66 [0]
38 66 [0]
66 70 [0]
46 48 [0]
11 232 [0]
348 349 [0]
346 349 [0]
479 485 [0]
11 479 [0]
479 483 [0]
51 479 [0]
22 23 [0]
21 22 [0]
270 271 [0]
269 270 [0]
270 273 [0]
268 270 [0]
243 244 [0]
338 340 [0]
338 341 [0]
340 341 [0]
0 341 [0]
337 341 [0]
47 48 [0]
58 59 [0]
46 58 [0]
47 58 [0]
224 226 [0]
210 224 [0]
86 87 [0]
240 377 [0]
240 241 [0]
63 383 [0]
62 63 [0]
63 64 [0]
63 477 [0]
173 175 [0]
175 176 [0]
110 388 [0]
111 388 [0]
137 143 [0]
136 137 [0]
137 142 [0]
197 198 [0]
81 197 [0]
66 79 [0]
79 195 [0]
79 81 [0]
25 27 [0]
80 81 [0]
21 80 [0]
80 82 [0]
80 473 [0]
311 316 [0]
311 317 [0]
335 336 [0]
334 336 [0]
11 13 [0]
12 16 [0]
3 4 [0]
4 6 [0]
352 353 [0]
61 62 [0]
43 62 [0]
41 43 [0]
187 193 [0]
187 188 [0]
149 150 [0]
342 370 [0]
370 373 [0]
95 370 [0]
357 359 [0]
357 360 [0]
357 358 [0]
12 20 [0]
20 22 [0]
19 20 [0]
20 21 [0]
40 41 [0]
269 275 [0]
275 276 [0]
255 275 [0]
243 265 [0]
154 194 [0]
187 194 [0]
184 194 [0]
118 119 [0]
119 125 [0]
178 180 [0]
154 178 [0]
169 178 [0]
17 19 [0]
17 21 [0]
15 362 [0]
15 360 [0]
69 70 [0]
139 398 [0]
414 417 [0]
417 418 [0]
416 417 [0]
412 417 [0]
271 272 [0]
271 273 [0]
2 301 [0]
249 294 [0]
293 294 [0]
294 295 [0]
260 261 [0]
342 343 [0]
123 125 [0]
155 158 [0]
158 165 [0]
158 166 [0]
158 159 [0]
244 245 [0]
313 314 [0]
313 321 [0]
291 293 [0]
292 293 [0]
0 295 [0]
198 199 [0]
201 202 [0]
488 489 [0]
24 495 [0]
150 151 [0]
149 151 [0]
151 152 [0]
151 183 [0]
68 75 [0]
75 76 [0]
73 75 [0]
112 113 [0]
118 455 [0]
455 456 [0]
113 455 [0]
455 457 [0]
453 455 [0]
327 328 [0]
308 310 [0]
420 429 [0]
421 429 [0]
199 200 [0]
84 231 [0]
84 88 [0]
364 369 [0]
363 364 [0]
161 171 [0]
171 175 [0]
165 171 [0]
159 171 [0]
171 176 [0]
415 443 [0]
150 386 [0]
110 386 [0]
386 390 [0]
142 386 [0]
318 319 [0]
366 367 [0]
365 367 [0]
4 367 [0]
2 367 [0]
1 365 [0]
1 298 [0]
12 19 [0]
19 21 [0]
17 359 [0]
82 359 [0]
414 415 [0]
413 414 [0]
342 344 [0]
343 344 [0]
344 346 [0]
343 347 [0]
202 226 [0]
209 210 [0]
200 210 [0]
210 222 [0]
276 277 [0]
256 257 [0]
256 258 [0]
452 453 [0]
338 339 [0]
56 478 [0]
300 302 [0]
302 329 [0]
301 302 [0]
302 303 [0]
291 292 [0]
252 278 [0]
240 278 [0]
278 286 [0]
241 278 [0]
250 278 [0]
0 337 [0]
246 337 [0]
161 162 [0]
162 164 [0]
162 163 [0]
160 161 [0]
160 164 [0]
160 163 [0]
159 160 [0]
165 168 [0]
168 169 [0]
163 164 [0]
408 409 [0]
436 440 [0]
258 261 [0]
258 260 [0]
257 276 [0]
258 276 [0]
65 66 [0]
64 65 [0]
65 475 [0]
40 475 [0]
38 475 [0]
362 369 [0]
362 363 [0]
491 493 [0]
50 51 [0]
348 350 [0]
347 351 [0]
351 353 [0]
8 9 [0]
4 8 [0]
3 8 [0]
6 8 [0]
5 369 [0]
5 368 [0]
427 428 [0]
425 427 [0]
423 424 [0]
424 425 [0]
111 424 [0]
112 424 [0]
398 399 [0]
322 330 [0]
297 298 [0]
297 299 [0]
152 154 [0]
152 184 [0]
152 183 [0]
186 193 [0]
418 419 [0]
418 428 [0]
99 375 [0]
101 375 [0]
90 91 [0]
90 358 [0]
90 93 [0]
90 92 [0]
93 371 [0]
374 375 [0]
103 374 [0]
106 374 [0]
383 385 [0]
57 385 [0]
54 385 [0]
61 385 [0]
56 385 [0]
384 385 [0]
60 385 [0]
465 466 [0]
465 467 [0]
44 46 [0]
43 44 [0]
44 45 [0]
117 147 [0]
409 442 [0]
442 443 [0]
409 431 [0]
431 441 [0]
405 406 [0]
407 431 [0]
407 437 [0]
451 459 [0]
458 459 [0]
457 459 [0]
408 411 [0]
409 411 [0]
411 412 [0]
410 411 [0]
415 430 [0]
430 442 [0]
106 150 [0]
132 133 [0]
125 132 [0]
132 147 [0]
381 383 [0]
226 227 [0]
207 209 [0]
207 210 [0]
206 207 [0]
388 437 [0]
388 432 [0]
431 432 [0]
432 437 [0]
425 432 [0]
432 436 [0]
497 498 [0]
67 68 [0]
30 67 [0]
67 70 [0]
10 14 [0]
10 11 [0]
9 10 [0]
422 423 [0]
422 444 [0]
422 428 [0]
326 327 [0]
310 326 [0]
487 488 [0]
483 487 [0]
484 485 [0]
22 484 [0]
484 494 [0]
261 262 [0]
262 263 [0]
288 329 [0]
288 318 [0]
250 288 [0]
288 320 [0]
288 334 [0]
94 370 [0]
94 372 [0]
93 94 [0]
97 373 [0]
234 317 [0]
235 317 [0]
310 317 [0]
317 318 [0]
310 324 [0]
266 267 [0]
267 268 [0]
255 257 [0]
255 262 [0]
254 255 [0]
212 216 [0]
216 218 [0]
216 217 [0]
112 216 [0]
216 222 [0]
115 204 [0]
204 228 [0]
195 204 [0]
204 205 [0]
237 238 [0]
236 239 [0]
23 496 [0]
494 495 [0]
494 496 [0]
490 494 [0]
74 76 [0]
70 72 [0]
220 221 [0]
206 208 [0]
206 227 [0]
481 482 [0]
492 493 [0]
300 329 [0]
299 329 [0]
201 203 [0]
199 203 [0]
203 204 [0]
201 225 [0]
300 301 [0]
3 301 [0]
434 441 [0]
434 435 [0]
438 440 [0]
431 438 [0]
436 438 [0]
408 412 [0]
412 413 [0]
35 36 [0]
228 230 [0]
117 230 [0]
229 230 [0]
147 230 [0]
158 195 [0]
195 232 [0]
394 404 [0]
346 350 [0]
346 354 [0]
346 353 [0]
185 193 [0]
184 185 [0]
192 193 [0]
154 192 [0]
153 192 [0]
252 274 [0]
270 274 [0]
272 274 [0]
474 476 [0]
475 476 [0]
352 355 [0]
212 223 [0]
312 313 [0]
314 315 [0]
318 329 [0]
286 318 [0]
287 318 [0]
285 318 [0]
423 425 [0]
388 425 [0]
425 431 [0]
28 498 [0]
28 473 [0]
360 361 [0]
173 174 [0]
371 372 [0]
93 372 [0]
93 99 [0]
119 120 [0]
120 123 [0]
445 449 [0]
136 449 [0]
449 453 [0]
234 241 [0]
235 241 [0]
158 241 [0]
11 379 [0]
379 380 [0]
379 381 [0]
232 379 [0]
382 383 [0]
64 382 [0]
381 382 [0]
92 93 [0]
100 101 [0]
440 441 [0]
433 441 [0]
433 435 [0]
435 436 [0]
482 483 [0]
483 489 [0]
306 307 [0]
305 306 [0]
234 308 [0]
308 309 [0]
305 308 [0]
308 326 [0]
306 308 [0]
37 66 [0]
37 38 [0]
36 37 [0]
35 497 [0]
401 406 [0]
401 407 [0]
401 402 [0]
392 405 [0]
392 393 [0]
403 404 [0]
395 403 [0]
16 18 [0]
17 18 [0]
18 19 [0]
450 451 [0]
450 459 [0]
449 450 [0]
319 320 [0]
318 320 [0]
287 320 [0]
322 333 [0]
332 333 [0]
331 333 [0]
323 332 [0]
323 330 [0]
124 460 [0]
449 460 [0]
394 402 [0]
402 405 [0]
402 403 [0]
396 399 [0]
396 397 [0]
394 396 [0]
395 396 [0]
245 251 [0]
251 252 [0]
250 251 [0]
246 251 [0]
252 279 [0]
250 279 [0]
251 279 [0]
167 169 [0]
154 169 [0]
166 167 [0]
395 404 [0]
410 414 [0]
6 7 [0]
368 369 [0]
325 326 [0]
324 325 [0]
303 304 [0]
468 470 [0]
463 470 [0]
469 470 [0]
126 461 [0]
124 126 [0]
81 82 [0]
289 290 [0]
289 336 [0]
289 329 [0]
246 247 [0]
245 266 [0]
158 248 [0]
244 248 [0]
157 158 [0]
85 86 [0]
85 88 [0]
389 391 [0]
389 405 [0]
386 387 [0]
387 391 [0]
420 447 [0]
444 447 [0]
498 499 [0]
497 499 [0]
32 498 [0]
31 32 [0]
32 499 [0]
464 467 [0]
127 463 [0]
127 465 [0]
126 127 [0]
462 471 [0]
470 471 [0]
126 471 [0]
127 471 [0]
199 205 [0]
217 219 [0]
217 222 [0]
217 221 [0]
221 222 [0]
79 196 [0]
195 196 [0]
81 196 [0]
187 191 [0]
188 191 [0]
191 192 [0]
189 191 [0]
190 191 [0]
70 73 [0]
45 62 [0]
45 61 [0]
57 60 [0]
59 60 [0]
58 60 [0]
60 61 [0]
45 60 [0]
144 145 [0]
135 145 [0]
135 146 [0]
135 136 [0]
268 272 [0]
170 177 [0]
174 177 [0]
173 177 [0]
159 176 [0]
179 183 [0]
183 194 [0]
183 184 [0]
154 190 [0]
190 194 [0]
170 173 [0]
453 457 [0]
112 457 [0]
51 493 [0]
51 492 [0]
445 446 [0]
446 447 [0]
64 477 [0]
476 477 [0]
98 374 [0]
95 98 [0]
101 103 [0]
140 398 [0]
386 398 [0]
398 400 [0]
393 394 [0]
393 400 [0]
211 222 [0]
219 222 [0]
110 386 [0]
146 150 [0]
133 146 [0]
39 493 [0]
491 493 [0]
115 117 [0]
104 210 [0]
148 179 [0]
35 66 [0]
34 35 [0]
35 497 [0]
445 449 [0]
445 446 [0]
228 230 [0]
306 307 [0]
307 308 [0]
233 234 [0]
234 241 [0]
258 261 [0]
261 262 [0]
244 245 [0]
245 246 [0]
474 476 [0]
90 91 [0]
321 322 [0]
322 333 [0]
383 384 [0]
383 385 [0]
420 448 [0]
420 447 [0]
420 446 [0]
461 472 [0]
449 461 [0]
126 461 [0]
242 253 [0]
241 242 [0]
14 15 [0]
14 362 [0]
10 14 [0]
423 424 [0]
423 425 [0]
57 385 [0]
12 485 [0]
479 485 [0]
73 77 [0]
77 78 [0]
27 80 [0]
27 38 [0]
289 290 [0]
282 283 [0]
233 309 [0]
3 309 [0]
8 309 [0]
62 385 [0]
53 54 [0]
49 52 [0]
378 379 [0]
136 461 [0]
136 472 [0]
136 419 [0]
136 137 [0]
135 136 [0]
136 446 [0]
130 462 [0]
179 182 [0]
179 183 [0]
304 306 [0]
304 308 [0]
303 304 [0]
178 181 [0]
186 193 [0]
192 193 [0]
191 193 [0]
179 180 [0]
180 181 [0]
212 215 [0]
105 212 [0]
212 223 [0]
49 478 [0]
52 478 [0]
54 478 [0]
58 478 [0]
56 478 [0]
157 247 [0]
161 171 [0]
160 161 [0]
161 163 [0]
154 181 [0]
152 154 [0]
154 169 [0]
134 472 [0]
468 471 [0]
140 141 [0]
139 140 [0]
140 386 [0]
140 398 [0]
236 239 [0]
444 447 [0]
138 397 [0]
138 407 [0]
418 419 [0]
252 278 [0]
68 75 [0]
32 68 [0]
118 119 [0]
118 120 [0]
366 367 [0]
342 370 [0]
342 343 [0]
342 344 [0]
342 363 [0]
339 342 [0]
337 342 [0]
213 215 [0]
213 223 [0]
109 214 [0]
481 482 [0]
482 483 [0]
127 463 [0]
463 471 [0]
124 449 [0]
24 25 [0]
24 80 [0]
24 495 [0]
58 59 [0]
59 60 [0]
54 55 [0]
0 365 [0]
365 367 [0]
1 365 [0]
12 14 [0]
12 16 [0]
12 15 [0]
12 19 [0]
313 314 [0]
201 202 [0]
201 225 [0]
200 201 [0]
66 79 [0]
65 66 [0]
46 58 [0]
45 46 [0]
46 60 [0]
11 380 [0]
10 11 [0]
52 479 [0]
479 480 [0]
12 22 [0]
20 22 [0]
253 270 [0]
255 270 [0]
270 274 [0]
254 270 [0]
243 253 [0]
243 265 [0]
338 339 [0]
464 466 [0]
130 133 [0]
133 134 [0]
47 478 [0]
46 47 [0]
47 58 [0]
57 58 [0]
87 88 [0]
82 87 [0]
234 235 [0]
235 317 [0]
235 239 [0]
235 241 [0]
240 278 [0]
239 240 [0]
171 175 [0]
174 175 [0]
154 155 [0]
388 406 [0]
388 432 [0]
388 425 [0]
137 141 [0]
137 417 [0]
79 378 [0]
79 80 [0]
289 336 [0]
9 11 [0]
6 9 [0]
13 14 [0]
12 13 [0]
15 16 [0]
16 18 [0]
4 8 [0]
4 5 [0]
352 362 [0]
351 352 [0]
60 61 [0]
187 191 [0]
187 190 [0]
149 151 [0]
149 183 [0]
97 374 [0]
97 373 [0]
345 370 [0]
96 370 [0]
370 371 [0]
370 374 [0]
370 372 [0]
64 474 [0]
64 378 [0]
64 66 [0]
64 477 [0]
39 40 [0]
40 43 [0]
40 475 [0]
264 275 [0]
264 265 [0]
182 194 [0]
183 194 [0]
190 194 [0]
152 153 [0]
114 456 [0]
455 456 [0]
119 120 [0]
177 178 [0]
17 359 [0]
17 18 [0]
68 69 [0]
69 75 [0]
33 34 [0]
34 497 [0]
256 257 [0]
257 258 [0]
255 257 [0]
139 141 [0]
139 397 [0]
209 210 [0]
209 227 [0]
207 209 [0]
264 269 [0]
269 270 [0]
269 275 [0]
255 269 [0]
2 367 [0]
14 369 [0]
364 369 [0]
5 369 [0]
368 369 [0]
327 328 [0]
328 330 [0]
323 328 [0]
260 263 [0]
260 277 [0]
258 260 [0]
263 264 [0]
263 275 [0]
263 265 [0]
262 263 [0]
343 344 [0]
343 363 [0]
119 125 [0]
125 132 [0]
120 125 [0]
125 126 [0]
451 459 [0]
165 171 [0]
165 168 [0]
163 165 [0]
158 179 [0]
158 241 [0]
158 248 [0]
157 158 [0]
158 177 [0]
244 264 [0]
243 244 [0]
244 265 [0]
244 246 [0]
244 248 [0]
331 332 [0]
330 332 [0]
323 332 [0]
0 337 [0]
202 203 [0]
202 225 [0]
487 488 [0]
494 495 [0]
107 109 [0]
30 79 [0]
30 67 [0]
113 114 [0]
307 327 [0]
302 327 [0]
324 327 [0]
323 327 [0]
325 327 [0]
234 310 [0]
310 326 [0]
310 324 [0]
438 439 [0]
199 205 [0]
3 304 [0]
3 4 [0]
2 3 [0]
3 308 [0]
162 164 [0]
160 164 [0]
163 164 [0]
415 426 [0]
414 415 [0]
141 386 [0]
386 387 [0]
386 398 [0]
240 377 [0]
239 377 [0]
1 366 [0]
1 2 [0]
0 1 [0]
1 295 [0]
331 333 [0]
312 321 [0]
17 19 [0]
80 359 [0]
90 359 [0]
358 359 [0]
410 414 [0]
389 390 [0]
347 351 [0]
210 226 [0]
226 227 [0]
203 226 [0]
207 210 [0]
120 121 [0]
121 460 [0]
188 189 [0]
188 191 [0]
184 194 [0]
54 56 [0]
56 385 [0]
53 384 [0]
54 384 [0]
384 385 [0]
290 291 [0]
291 296 [0]
291 293 [0]
253 278 [0]
249 337 [0]
337 338 [0]
337 341 [0]
158 163 [0]
160 163 [0]
407 408 [0]
438 440 [0]
440 441 [0]
258 276 [0]
255 258 [0]
275 276 [0]
474 475 [0]
39 475 [0]
63 475 [0]
65 475 [0]
353 354 [0]
347 353 [0]
351 353 [0]
15 362 [0]
362 364 [0]
39 491 [0]
491 494 [0]
49 50 [0]
197 231 [0]
83 86 [0]
86 88 [0]
85 86 [0]
426 427 [0]
396 399 [0]
292 293 [0]
294 295 [0]
0 295 [0]
291 295 [0]
321 330 [0]
318 330 [0]
323 330 [0]
413 414 [0]
412 413 [0]
417 418 [0]
102 375 [0]
374 375 [0]
90 345 [0]
345 371 [0]
371 372 [0]
98 374 [0]
379 380 [0]
465 468 [0]
465 471 [0]
128 462 [0]
38 39 [0]
38 495 [0]
38 494 [0]
116 117 [0]
114 117 [0]
117 230 [0]
416 426 [0]
414 416 [0]
407 431 [0]
430 431 [0]
397 401 [0]
396 397 [0]
407 417 [0]
397 407 [0]
401 407 [0]
452 459 [0]
122 460 [0]
426 430 [0]
103 104 [0]
102 103 [0]
103 374 [0]
103 106 [0]
105 106 [0]
106 212 [0]
106 214 [0]
106 213 [0]
106 107 [0]
106 246 [0]
106 157 [0]
129 130 [0]
129 131 [0]
128 129 [0]
53 381 [0]
378 381 [0]
379 381 [0]
381 382 [0]
232 378 [0]
195 232 [0]
232 379 [0]
210 227 [0]
407 437 [0]
437 438 [0]
28 498 [0]
498 499 [0]
32 498 [0]
66 67 [0]
418 428 [0]
422 428 [0]
421 428 [0]
422 448 [0]
421 422 [0]
304 305 [0]
305 306 [0]
305 308 [0]
308 326 [0]
484 486 [0]
484 487 [0]
253 262 [0]
262 265 [0]
255 262 [0]
290 335 [0]
335 336 [0]
370 373 [0]
316 317 [0]
312 324 [0]
323 324 [0]
324 325 [0]
255 256 [0]
255 276 [0]
214 216 [0]
204 227 [0]
204 206 [0]
236 237 [0]
23 24 [0]
22 23 [0]
23 494 [0]
39 494 [0]
75 76 [0]
71 72 [0]
72 73 [0]
206 207 [0]
480 492 [0]
328 329 [0]
329 330 [0]
288 329 [0]
318 329 [0]
289 329 [0]
463 467 [0]
461 462 [0]
462 471 [0]
299 300 [0]
299 329 [0]
2 301 [0]
301 302 [0]
407 438 [0]
408 409 [0]
409 431 [0]
409 411 [0]
411 412 [0]
36 37 [0]
29 31 [0]
30 31 [0]
31 32 [0]
195 228 [0]
195 378 [0]
195 233 [0]
195 197 [0]
195 204 [0]
394 402 [0]
394 395 [0]
405 406 [0]
394 405 [0]
401 405 [0]
402 405 [0]
345 346 [0]
346 349 [0]
346 347 [0]
185 192 [0]
253 274 [0]
40 41 [0]
41 475 [0]
41 42 [0]
345 355 [0]
355 356 [0]
355 362 [0]
357 360 [0]
360 361 [0]
215 223 [0]
104 211 [0]
105 211 [0]
211 222 [0]
312 315 [0]
316 318 [0]
318 321 [0]
317 318 [0]
318 320 [0]
278 286 [0]
286 287 [0]
425 427 [0]
424 425 [0]
110 111 [0]
109 111 [0]
111 388 [0]
111 216 [0]
81 196 [0]
356 361 [0]
170 172 [0]
168 170 [0]
170 173 [0]
174 177 [0]
93 94 [0]
93 372 [0]
120 460 [0]
449 452 [0]
449 450 [0]
449 460 [0]
233 241 [0]
240 241 [0]
241 248 [0]
250 279 [0]
91 92 [0]
91 100 [0]
100 200 [0]
432 435 [0]
434 435 [0]
142 150 [0]
142 146 [0]
142 143 [0]
142 386 [0]
146 147 [0]
117 147 [0]
147 230 [0]
147 195 [0]
487 489 [0]
483 485 [0]
479 483 [0]
483 488 [0]
483 484 [0]
497 498 [0]
36 497 [0]
497 499 [0]
95 97 [0]
95 98 [0]
91 99 [0]
99 375 [0]
92 99 [0]
95 99 [0]
98 99 [0]
402 403 [0]
386 400 [0]
399 400 [0]
398 400 [0]
393 400 [0]
21 80 [0]
20 21 [0]
17 21 [0]
19 21 [0]
458 459 [0]
288 320 [0]
250 287 [0]
287 320 [0]
123 125 [0]
121 123 [0]
251 279 [0]
251 266 [0]
169 178 [0]
158 166 [0]
166 168 [0]
395 397 [0]
395 403 [0]
395 402 [0]
395 396 [0]
415 443 [0]
414 443 [0]
430 443 [0]
410 443 [0]
410 411 [0]
6 14 [0]
6 369 [0]
5 6 [0]
364 368 [0]
367 368 [0]
302 303 [0]
126 449 [0]
126 471 [0]
235 285 [0]
285 286 [0]
238 285 [0]
284 285 [0]
285 376 [0]
237 238 [0]
238 376 [0]
84 88 [0]
82 359 [0]
82 231 [0]
290 334 [0]
246 249 [0]
246 342 [0]
246 251 [0]
246 248 [0]
264 266 [0]
89 91 [0]
89 197 [0]
89 90 [0]
88 89 [0]
83 85 [0]
389 392 [0]
387 388 [0]
447 448 [0]
446 447 [0]
33 499 [0]
32 499 [0]
32 33 [0]
463 464 [0]
127 464 [0]
127 132 [0]
463 469 [0]
469 470 [0]
197 200 [0]
199 200 [0]
197 205 [0]
217 218 [0]
217 221 [0]
79 473 [0]
80 473 [0]
28 473 [0]
196 197 [0]
189 191 [0]
33 73 [0]
70 77 [0]
66 70 [0]
70 71 [0]
69 70 [0]
45 60 [0]
60 385 [0]
134 135 [0]
135 137 [0]
433 434 [0]
433 435 [0]
436 440 [0]
436 438 [0]
436 441 [0]
435 436 [0]
273 274 [0]
268 270 [0]
267 268 [0]
266 268 [0]
158 159 [0]
159 171 [0]
190 191 [0]
173 175 [0]
173 177 [0]
175 176 [0]
174 176 [0]
159 176 [0]
454 457 [0]
113 457 [0]
118 453 [0]
453 455 [0]
120 453 [0]
449 453 [0]
453 458 [0]
453 460 [0]
453 457 [0]
48 50 [0]
50 51 [0]
446 449 [0]
112 445 [0]
111 112 [0]
112 457 [0]
23 496 [0]
480 490 [0]
490 491 [0]
490 494 [0]
481 490 [0]
63 477 [0]
283 284 [0]
282 284 [0]
281 284 [0]
283 376 [0]
101 102 [0]
100 101 [0]
101 200 [0]
392 393 [0]
75 78 [0]
76 78 [0]
74 77 [0]
74 75 [0]
219 220 [0]
212 222 [0]
206 222 [0]
217 222 [0]
146 150 [1]
108 150 [1]
107 150 [1]
150 386 [1]
108 110 [1]
109 110 [1]
144 145 [1]
142 146 [1]
145 146 [1]
492 493 [1]
51 493 [1]
104 211 [1]
143 145 [1]
212 215 [1]
195 228 [1]
304 307 [1]
307 327 [1]
345 354 [1]
90 345 [1]
345 371 [1]
345 346 [1]
93 345 [1]
91 92 [1]
89 91 [1]
91 200 [1]
105 212 [1]
105 211 [1]
83 84 [1]
83 231 [1]
82 83 [1]
83 85 [1]
482 486 [1]
486 487 [1]
486 494 [1]
481 486 [1]
486 489 [1]
49 478 [1]
49 50 [1]
48 49 [1]
49 51 [1]
136 420 [1]
136 461 [1]
133 461 [1]
11 14 [1]
9 14 [1]
14 369 [1]
416 426 [1]
426 428 [1]
39 40 [1]
39 475 [1]
39 491 [1]
39 50 [1]
38 39 [1]
29 79 [1]
29 31 [1]
28 29 [1]
423 445 [1]
57 478 [1]
57 59 [1]
56 57 [1]
483 485 [1]
290 329 [1]
290 334 [1]
283 284 [1]
283 376 [1]
9 309 [1]
282 283 [1]
281 282 [1]
282 284 [1]
282 376 [1]
62 383 [1]
53 478 [1]
53 384 [1]
52 479 [1]
52 380 [1]
79 378 [1]
378 381 [1]
195 378 [1]
130 131 [1]
130 133 [1]
128 130 [1]
264 275 [1]
263 264 [1]
264 266 [1]
178 179 [1]
158 179 [1]
233 234 [1]
9 233 [1]
233 241 [1]
154 181 [1]
185 193 [1]
150 156 [1]
156 158 [1]
106 156 [1]
293 296 [1]
295 296 [1]
249 251 [1]
246 249 [1]
96 97 [1]
96 370 [1]
96 373 [1]
95 96 [1]
106 212 [1]
55 56 [1]
47 478 [1]
48 478 [1]
242 253 [1]
252 253 [1]
253 270 [1]
243 253 [1]
253 265 [1]
253 255 [1]
161 164 [1]
154 167 [1]
154 155 [1]
153 154 [1]
154 191 [1]
133 134 [1]
134 135 [1]
465 468 [1]
467 468 [1]
214 215 [1]
213 214 [1]
109 214 [1]
106 214 [1]
214 216 [1]
111 214 [1]
129 131 [1]
134 472 [1]
133 472 [1]
420 448 [1]
444 448 [1]
422 448 [1]
421 448 [1]
235 236 [1]
236 238 [1]
280 281 [1]
280 377 [1]
278 280 [1]
280 286 [1]
444 445 [1]
140 141 [1]
141 386 [1]
141 142 [1]
136 419 [1]
419 429 [1]
33 73 [1]
31 68 [1]
114 115 [1]
114 118 [1]
114 218 [1]
365 366 [1]
246 342 [1]
109 111 [1]
482 489 [1]
24 26 [1]
26 38 [1]
463 469 [1]
124 125 [1]
480 492 [1]
51 480 [1]
24 27 [1]
24 38 [1]
21 24 [1]
53 54 [1]
54 384 [1]
12 485 [1]
12 479 [1]
12 22 [1]
12 13 [1]
102 103 [1]
101 102 [1]
281 376 [1]
311 316 [1]
316 321 [1]
315 316 [1]
316 318 [1]
35 66 [1]
30 66 [1]
66 67 [1]
46 47 [1]
9 11 [1]
349 350 [1]
22 485 [1]
242 243 [1]
337 338 [1]
133 146 [1]
133 147 [1]
58 478 [1]
201 224 [1]
224 225 [1]
235 285 [1]
235 238 [1]
71 72 [1]
71 73 [1]
70 71 [1]
63 475 [1]
63 476 [1]
172 175 [1]
155 167 [1]
388 437 [1]
387 388 [1]
137 144 [1]
135 137 [1]
84 197 [1]
197 231 [1]
195 197 [1]
82 197 [1]
89 197 [1]
197 200 [1]
197 205 [1]
196 197 [1]
30 79 [1]
79 473 [1]
24 25 [1]
27 80 [1]
24 80 [1]
79 80 [1]
17 80 [1]
80 359 [1]
28 80 [1]
310 311 [1]
355 356 [1]
356 358 [1]
356 361 [1]
16 360 [1]
2 4 [1]
40 43 [1]
43 45 [1]
186 187 [1]
95 97 [1]
106 370 [1]
246 370 [1]
356 357 [1]
357 361 [1]
263 275 [1]
275 277 [1]
263 265 [1]
244 265 [1]
262 265 [1]
179 182 [1]
181 182 [1]
180 182 [1]
154 182 [1]
182 194 [1]
182 183 [1]
178 181 [1]
158 178 [1]
16 17 [1]
14 15 [1]
12 15 [1]
15 16 [1]
15 355 [1]
34 35 [1]
139 140 [1]
138 139 [1]
137 139 [1]
417 426 [1]
417 419 [1]
137 417 [1]
408 417 [1]
413 417 [1]
407 417 [1]
417 428 [1]
115 218 [1]
113 218 [1]
217 218 [1]
112 218 [1]
218 219 [1]
268 271 [1]
268 269 [1]
2 3 [1]
1 2 [1]
2 298 [1]
6 369 [1]
294 296 [1]
0 294 [1]
291 294 [1]
294 337 [1]
294 334 [1]
328 329 [1]
261 263 [1]
260 263 [1]
352 354 [1]
353 354 [1]
354 355 [1]
343 352 [1]
170 172 [1]
158 163 [1]
313 315 [1]
0 365 [1]
0 1 [1]
198 200 [1]
483 488 [1]
38 495 [1]
23 495 [1]
495 496 [1]
151 154 [1]
107 150 [1]
106 107 [1]
69 75 [1]
75 78 [1]
74 75 [1]
30 68 [1]
30 31 [1]
113 456 [1]
113 457 [1]
454 455 [1]
304 327 [1]
303 327 [1]
428 429 [1]
439 440 [1]
439 441 [1]
199 201 [1]
84 89 [1]
84 85 [1]
364 365 [1]
0 364 [1]
362 364 [1]
364 368 [1]
3 309 [1]
171 172 [1]
168 171 [1]
163 171 [1]
170 171 [1]
415 416 [1]
140 386 [1]
386 391 [1]
386 400 [1]
287 319 [1]
1 367 [1]
367 368 [1]
331 332 [1]
330 331 [1]
321 322 [1]
321 330 [1]
318 321 [1]
16 359 [1]
359 360 [1]
414 416 [1]
414 443 [1]
344 345 [1]
344 348 [1]
344 350 [1]
347 352 [1]
347 353 [1]
346 347 [1]
104 210 [1]
201 210 [1]
210 226 [1]
210 227 [1]
210 211 [1]
260 277 [1]
263 277 [1]
255 256 [1]
121 122 [1]
121 123 [1]
451 452 [1]
452 459 [1]
449 452 [1]
452 458 [1]
342 363 [1]
352 363 [1]
343 363 [1]
0 363 [1]
339 340 [1]
339 342 [1]
339 341 [1]
0 339 [1]
339 363 [1]
337 339 [1]
383 384 [1]
302 328 [1]
302 327 [1]
291 295 [1]
291 334 [1]
242 278 [1]
278 287 [1]
337 342 [1]
158 160 [1]
167 168 [1]
168 170 [1]
166 168 [1]
161 163 [1]
163 165 [1]
257 258 [1]
258 277 [1]
276 277 [1]
255 276 [1]
65 474 [1]
38 65 [1]
41 475 [1]
14 362 [1]
352 362 [1]
355 362 [1]
491 492 [1]
490 491 [1]
48 50 [1]
343 348 [1]
347 348 [1]
346 348 [1]
351 352 [1]
8 309 [1]
7 8 [1]
4 5 [1]
5 6 [1]
82 231 [1]
422 427 [1]
388 424 [1]
390 391 [1]
399 400 [1]
1 295 [1]
328 330 [1]
330 332 [1]
329 330 [1]
1 297 [1]
291 297 [1]
295 297 [1]
152 153 [1]
152 192 [1]
418 429 [1]
87 90 [1]
90 359 [1]
90 355 [1]
82 90 [1]
89 90 [1]
370 371 [1]
102 374 [1]
97 374 [1]
370 374 [1]
373 374 [1]
62 385 [1]
55 385 [1]
11 380 [1]
128 129 [1]
40 44 [1]
27 38 [1]
115 117 [1]
117 229 [1]
431 439 [1]
431 433 [1]
388 406 [1]
406 407 [1]
406 437 [1]
389 406 [1]
138 397 [1]
139 397 [1]
397 399 [1]
397 407 [1]
395 397 [1]
397 398 [1]
138 407 [1]
137 407 [1]
407 408 [1]
407 438 [1]
407 409 [1]
112 459 [1]
411 413 [1]
430 431 [1]
409 430 [1]
430 443 [1]
103 106 [1]
130 132 [1]
131 132 [1]
118 132 [1]
119 132 [1]
128 132 [1]
117 132 [1]
129 132 [1]
126 132 [1]
127 132 [1]
381 384 [1]
380 381 [1]
208 227 [1]
209 227 [1]
204 227 [1]
207 208 [1]
207 222 [1]
432 435 [1]
432 433 [1]
31 498 [1]
7 9 [1]
6 7 [1]
484 487 [1]
487 489 [1]
483 484 [1]
259 261 [1]
259 260 [1]
258 259 [1]
287 288 [1]
94 95 [1]
94 99 [1]
311 317 [1]
322 324 [1]
311 324 [1]
324 327 [1]
267 269 [1]
255 261 [1]
255 270 [1]
255 269 [1]
255 258 [1]
111 216 [1]
235 237 [1]
239 281 [1]
235 239 [1]
239 240 [1]
239 377 [1]
239 241 [1]
238 239 [1]
239 376 [1]
22 494 [1]
491 494 [1]
38 494 [1]
23 494 [1]
76 77 [1]
76 78 [1]
34 72 [1]
217 220 [1]
219 220 [1]
115 206 [1]
206 218 [1]
204 206 [1]
206 219 [1]
206 222 [1]
479 481 [1]
481 483 [1]
481 490 [1]
51 492 [1]
202 203 [1]
203 226 [1]
203 227 [1]
203 205 [1]
202 225 [1]
225 226 [1]
130 462 [1]
128 462 [1]
298 299 [1]
298 301 [1]
299 301 [1]
433 434 [1]
434 436 [1]
438 439 [1]
437 438 [1]
27 36 [1]
36 38 [1]
36 497 [1]
148 195 [1]
147 195 [1]
394 405 [1]
394 400 [1]
185 187 [1]
185 194 [1]
185 186 [1]
185 192 [1]
184 192 [1]
273 274 [1]
268 274 [1]
254 270 [1]
355 360 [1]
355 361 [1]
213 223 [1]
210 211 [1]
312 322 [1]
312 314 [1]
311 312 [1]
312 321 [1]
312 324 [1]
312 315 [1]
315 321 [1]
235 318 [1]
318 330 [1]
285 286 [1]
422 425 [1]
111 112 [1]
27 28 [1]
28 79 [1]
28 31 [1]
28 497 [1]
358 359 [1]
355 358 [1]
174 175 [1]
174 176 [1]
370 372 [1]
118 120 [1]
120 125 [1]
120 121 [1]
120 453 [1]
449 461 [1]
124 449 [1]
126 449 [1]
446 449 [1]
112 449 [1]
241 242 [1]
241 244 [1]
250 287 [1]
378 379 [1]
378 382 [1]
63 382 [1]
92 99 [1]
99 100 [1]
436 441 [1]
304 306 [1]
307 308 [1]
304 308 [1]
308 310 [1]
3 308 [1]
35 37 [1]
27 497 [1]
34 497 [1]
397 401 [1]
401 405 [1]
395 401 [1]
386 392 [1]
390 392 [1]
392 400 [1]
389 392 [1]
95 99 [1]
21 23 [1]
12 18 [1]
450 452 [1]
112 450 [1]
457 458 [1]
453 458 [1]
286 287 [1]
330 333 [1]
323 333 [1]
322 323 [1]
323 328 [1]
323 327 [1]
323 324 [1]
122 123 [1]
121 460 [1]
122 460 [1]
120 460 [1]
123 460 [1]
453 460 [1]
402 404 [1]
395 402 [1]
396 400 [1]
278 279 [1]
169 170 [1]
155 166 [1]
165 166 [1]
394 395 [1]
410 413 [1]
410 442 [1]
409 410 [1]
410 443 [1]
6 9 [1]
365 368 [1]
4 368 [1]
325 327 [1]
310 325 [1]
301 303 [1]
125 126 [1]
126 462 [1]
238 285 [1]
87 88 [1]
86 88 [1]
88 89 [1]
82 87 [1]
82 86 [1]
334 335 [1]
289 335 [1]
288 289 [1]
289 334 [1]
245 246 [1]
244 246 [1]
106 246 [1]
244 266 [1]
251 266 [1]
266 268 [1]
247 248 [1]
241 248 [1]
246 248 [1]
157 248 [1]
157 247 [1]
106 157 [1]
87 89 [1]
89 200 [1]
388 389 [1]
389 390 [1]
387 389 [1]
110 387 [1]
420 421 [1]
421 428 [1]
421 422 [1]
34 499 [1]
32 68 [1]
32 73 [1]
464 466 [1]
464 465 [1]
127 466 [1]
127 128 [1]
127 462 [1]
127 464 [1]
467 469 [1]
468 471 [1]
463 471 [1]
465 471 [1]
200 201 [1]
100 200 [1]
101 200 [1]
198 205 [1]
195 205 [1]
219 221 [1]
187 189 [1]
188 189 [1]
191 193 [1]
154 191 [1]
73 77 [1]
68 73 [1]
72 73 [1]
73 74 [1]
35 70 [1]
34 70 [1]
45 46 [1]
46 60 [1]
145 146 [1]
143 145 [1]
135 144 [1]
436 437 [1]
272 273 [1]
252 268 [1]
251 268 [1]
177 178 [1]
158 177 [1]
169 177 [1]
159 177 [1]
176 177 [1]
159 161 [1]
148 183 [1]
149 183 [1]
187 190 [1]
189 190 [1]
172 173 [1]
171 176 [1]
176 177 [1]
420 446 [1]
136 446 [1]
444 446 [1]
474 477 [1]
42 62 [1]
42 63 [1]
42 43 [1]
42 475 [1]
41 42 [1]
284 285 [1]
285 376 [1]
238 376 [1]
97 98 [1]
98 375 [1]
98 99 [1]
99 101 [1]
393 405 [1]
77 78 [1]
69 78 [1]
70 78 [1]
206 219 [1]
110 150 [1]
110 387 [1]
143 144 [1]
137 144 [1]
135 144 [1]
146 148 [1]
134 146 [1]
135 146 [1]
115 116 [1]
115 228 [1]
115 218 [1]
115 204 [1]
148 195 [1]
148 183 [1]
35 36 [1]
35 70 [1]
423 445 [1]
444 445 [1]
143 146 [1]
137 143 [1]
214 215 [1]
154 167 [1]
155 167 [1]
167 168 [1]
167 169 [1]
166 167 [1]
116 228 [1]
204 228 [1]
234 317 [1]
234 308 [1]
260 261 [1]
261 263 [1]
259 261 [1]
255 261 [1]
344 345 [1]
245 251 [1]
245 266 [1]
65 474 [1]
474 477 [1]
104 105 [1]
322 330 [1]
322 324 [1]
312 322 [1]
62 383 [1]
63 383 [1]
381 383 [1]
382 383 [1]
419 420 [1]
420 429 [1]
420 421 [1]
242 243 [1]
242 278 [1]
417 426 [1]
454 455 [1]
108 109 [1]
422 423 [1]
57 60 [1]
484 485 [1]
76 77 [1]
26 27 [1]
24 27 [1]
27 36 [1]
27 497 [1]
234 309 [1]
308 309 [1]
62 63 [1]
61 62 [1]
43 62 [1]
45 62 [1]
42 62 [1]
52 53 [1]
378 382 [1]
136 420 [1]
136 449 [1]
130 461 [1]
130 132 [1]
304 307 [1]
304 327 [1]
181 182 [1]
187 193 [1]
180 182 [1]
178 180 [1]
294 296 [1]
249 294 [1]
212 213 [1]
212 216 [1]
55 385 [1]
57 478 [1]
53 478 [1]
246 247 [1]
247 248 [1]
161 162 [1]
159 161 [1]
150 154 [1]
154 194 [1]
154 182 [1]
154 178 [1]
151 154 [1]
154 192 [1]
154 190 [1]
468 470 [1]
208 227 [1]
207 208 [1]
206 208 [1]
130 131 [1]
131 132 [1]
423 444 [1]
444 448 [1]
422 444 [1]
444 446 [1]
138 139 [1]
417 419 [1]
338 340 [1]
340 341 [1]
339 340 [1]
252 253 [1]
252 274 [1]
251 252 [1]
252 279 [1]
252 268 [1]
30 68 [1]
67 68 [1]
68 73 [1]
114 118 [1]
118 455 [1]
118 132 [1]
342 345 [1]
213 214 [1]
482 486 [1]
463 470 [1]
124 460 [1]
124 126 [1]
24 26 [1]
57 59 [1]
54 385 [1]
365 366 [1]
364 365 [1]
365 368 [1]
12 20 [1]
12 18 [1]
312 314 [1]
314 315 [1]
300 302 [1]
300 329 [1]
300 301 [1]
102 374 [1]
201 224 [1]
199 201 [1]
201 210 [1]
201 203 [1]
281 282 [1]
280 281 [1]
239 281 [1]
66 378 [1]
37 66 [1]
39 46 [1]
44 46 [1]
11 14 [1]
11 52 [1]
11 233 [1]
11 12 [1]
11 479 [1]
11 13 [1]
11 379 [1]
12 479 [1]
479 481 [1]
22 484 [1]
22 494 [1]
338 341 [1]
339 341 [1]
465 466 [1]
127 466 [1]
133 461 [1]
133 472 [1]
132 133 [1]
58 60 [1]
87 90 [1]
87 89 [1]
235 236 [1]
235 237 [1]
235 318 [1]
240 280 [1]
63 382 [1]
42 63 [1]
150 155 [1]
155 156 [1]
155 158 [1]
155 166 [1]
388 424 [1]
388 389 [1]
137 138 [1]
137 419 [1]
137 139 [1]
137 407 [1]
29 79 [1]
28 79 [1]
79 196 [1]
25 26 [1]
311 324 [1]
311 312 [1]
9 14 [1]
9 309 [1]
9 233 [1]
8 9 [1]
7 9 [1]
9 10 [1]
356 357 [1]
16 17 [1]
16 359 [1]
4 367 [1]
4 368 [1]
352 354 [1]
343 352 [1]
347 352 [1]
352 363 [1]
352 355 [1]
61 385 [1]
45 61 [1]
43 44 [1]
42 43 [1]
187 194 [1]
185 187 [1]
187 189 [1]
148 149 [1]
96 97 [1]
97 98 [1]
94 370 [1]
63 64 [1]
64 65 [1]
64 382 [1]
40 44 [1]
253 265 [1]
185 194 [1]
153 154 [1]
153 192 [1]
118 456 [1]
113 456 [1]
119 132 [1]
178 179 [1]
17 80 [1]
69 78 [1]
34 72 [1]
34 499 [1]
34 70 [1]
271 272 [1]
272 274 [1]
272 273 [1]
268 272 [1]
257 276 [1]
208 209 [1]
114 218 [1]
216 218 [1]
206 218 [1]
270 271 [1]
267 269 [1]
2 4 [1]
362 369 [1]
302 328 [1]
259 260 [1]
263 277 [1]
345 354 [1]
346 354 [1]
343 347 [1]
343 348 [1]
124 125 [1]
451 452 [1]
450 451 [1]
158 165 [1]
165 166 [1]
172 175 [1]
171 172 [1]
172 173 [1]
158 233 [1]
156 158 [1]
158 178 [1]
158 160 [1]
158 195 [1]
242 244 [1]
241 244 [1]
244 266 [1]
312 313 [1]
332 333 [1]
293 296 [1]
293 294 [1]
0 341 [1]
0 294 [1]
0 364 [1]
0 363 [1]
0 339 [1]
197 198 [1]
198 205 [1]
202 226 [1]
107 108 [1]
29 30 [1]
30 66 [1]
113 218 [1]
113 455 [1]
326 327 [1]
310 311 [1]
310 317 [1]
310 325 [1]
419 429 [1]
418 429 [1]
431 439 [1]
198 199 [1]
199 203 [1]
83 84 [1]
84 197 [1]
3 8 [1]
3 301 [1]
161 164 [1]
415 430 [1]
386 392 [1]
280 377 [1]
281 377 [1]
319 320 [1]
1 367 [1]
1 297 [1]
316 321 [1]
313 321 [1]
315 321 [1]
19 20 [1]
18 19 [1]
357 359 [1]
414 417 [1]
386 390 [1]
390 391 [1]
390 392 [1]
347 348 [1]
224 226 [1]
225 226 [1]
210 224 [1]
275 277 [1]
258 277 [1]
450 452 [1]
187 188 [1]
152 184 [1]
184 185 [1]
184 192 [1]
183 184 [1]
363 364 [1]
339 363 [1]
362 363 [1]
56 57 [1]
55 56 [1]
381 384 [1]
291 294 [1]
291 297 [1]
278 280 [1]
278 279 [1]
294 337 [1]
337 339 [1]
168 171 [1]
163 171 [1]
162 163 [1]
408 417 [1]
408 411 [1]
408 412 [1]
439 440 [1]
256 258 [1]
258 259 [1]
475 476 [1]
42 475 [1]
352 353 [1]
346 353 [1]
480 491 [1]
39 50 [1]
348 349 [1]
344 348 [1]
83 231 [1]
84 231 [1]
86 87 [1]
82 86 [1]
386 391 [1]
389 391 [1]
387 391 [1]
397 399 [1]
292 296 [1]
291 292 [1]
295 296 [1]
295 297 [1]
330 331 [1]
330 333 [1]
290 297 [1]
151 152 [1]
186 187 [1]
185 186 [1]
413 417 [1]
411 413 [1]
410 413 [1]
98 375 [1]
52 380 [1]
380 381 [1]
464 465 [1]
127 465 [1]
128 130 [1]
128 132 [1]
127 128 [1]
39 44 [1]
26 38 [1]
24 38 [1]
38 66 [1]
38 65 [1]
38 475 [1]
36 38 [1]
37 38 [1]
117 118 [1]
117 132 [1]
116 229 [1]
228 229 [1]
117 229 [1]
229 230 [1]
416 417 [1]
415 416 [1]
430 442 [1]
410 442 [1]
426 431 [1]
431 432 [1]
431 438 [1]
425 431 [1]
401 406 [1]
406 407 [1]
450 459 [1]
121 122 [1]
122 123 [1]
103 105 [1]
101 103 [1]
106 156 [1]
106 247 [1]
106 109 [1]
106 370 [1]
106 374 [1]
129 132 [1]
52 381 [1]
232 233 [1]
11 232 [1]
206 227 [1]
203 227 [1]
406 437 [1]
432 437 [1]
436 437 [1]
7 8 [1]
426 428 [1]
417 428 [1]
428 429 [1]
427 428 [1]
422 427 [1]
422 425 [1]
307 326 [1]
325 326 [1]
486 487 [1]
334 335 [1]
289 335 [1]
249 288 [1]
288 289 [1]
96 373 [1]
373 374 [1]
264 267 [1]
253 255 [1]
255 275 [1]
215 216 [1]
203 204 [1]
23 495 [1]
21 23 [1]
486 494 [1]
484 494 [1]
33 72 [1]
481 486 [1]
480 481 [1]
491 492 [1]
2 298 [1]
1 298 [1]
297 298 [1]
298 299 [1]
298 301 [1]
290 329 [1]
302 329 [1]
224 225 [1]
467 468 [1]
465 467 [1]
464 467 [1]
467 469 [1]
462 463 [1]
126 462 [1]
127 462 [1]
290 299 [1]
297 299 [1]
299 301 [1]
301 304 [1]
301 303 [1]
409 442 [1]
407 409 [1]
409 430 [1]
409 410 [1]
412 417 [1]
31 68 [1]
31 498 [1]
28 31 [1]
179 195 [1]
79 195 [1]
195 205 [1]
195 196 [1]
394 396 [1]
393 394 [1]
392 405 [1]
389 405 [1]
393 405 [1]
349 350 [1]
344 350 [1]
348 350 [1]
344 346 [1]
346 348 [1]
346 350 [1]
152 192 [1]
191 192 [1]
253 254 [1]
254 255 [1]
63 476 [1]
476 477 [1]
41 43 [1]
15 355 [1]
354 355 [1]
90 355 [1]
355 358 [1]
16 360 [1]
15 360 [1]
359 360 [1]
355 360 [1]
211 212 [1]
312 316 [1]
315 316 [1]
313 315 [1]
318 319 [1]
288 318 [1]
280 286 [1]
281 286 [1]
286 318 [1]
425 426 [1]
425 432 [1]
111 214 [1]
111 424 [1]
81 197 [1]
79 81 [1]
80 81 [1]
81 82 [1]
28 29 [1]
28 80 [1]
356 358 [1]
357 358 [1]
90 358 [1]
357 361 [1]
355 361 [1]
170 171 [1]
169 170 [1]
170 177 [1]
94 372 [1]
93 345 [1]
90 93 [1]
93 371 [1]
92 93 [1]
241 278 [1]
239 241 [1]
249 250 [1]
250 278 [1]
250 288 [1]
250 251 [1]
90 92 [1]
439 441 [1]
431 441 [1]
434 441 [1]
141 142 [1]
137 142 [1]
147 148 [1]
147 228 [1]
133 147 [1]
132 147 [1]
486 489 [1]
482 489 [1]
488 489 [1]
483 489 [1]
483 487 [1]
481 483 [1]
306 308 [1]
28 497 [1]
95 96 [1]
95 370 [1]
94 95 [1]
94 99 [1]
93 99 [1]
99 100 [1]
99 101 [1]
394 400 [1]
392 400 [1]
396 400 [1]
21 24 [1]
21 22 [1]
452 458 [1]
287 319 [1]
278 287 [1]
287 288 [1]
287 318 [1]
323 333 [1]
123 124 [1]
120 123 [1]
123 460 [1]
401 402 [1]
249 251 [1]
251 268 [1]
168 169 [1]
169 177 [1]
394 404 [1]
403 404 [1]
402 404 [1]
395 404 [1]
395 401 [1]
442 443 [1]
4 6 [1]
6 8 [1]
5 368 [1]
303 327 [1]
470 471 [1]
126 132 [1]
126 127 [1]
283 285 [1]
281 285 [1]
285 318 [1]
236 238 [1]
235 238 [1]
238 239 [1]
85 88 [1]
82 83 [1]
82 197 [1]
80 82 [1]
82 90 [1]
249 334 [1]
334 336 [1]
294 334 [1]
291 334 [1]
288 334 [1]
289 334 [1]
246 370 [1]
246 337 [1]
266 267 [1]
156 157 [1]
157 248 [1]
84 89 [1]
84 85 [1]
389 406 [1]
387 389 [1]
421 448 [1]
421 429 [1]
127 471 [1]
468 469 [1]
104 200 [1]
91 200 [1]
198 200 [1]
200 210 [1]
89 200 [1]
204 205 [1]
203 205 [1]
216 217 [1]
217 220 [1]
220 221 [1]
189 190 [1]
71 73 [1]
73 75 [1]
32 73 [1]
68 70 [1]
67 70 [1]
70 72 [1]
70 73 [1]
70 78 [1]
43 45 [1]
44 45 [1]
135 472 [1]
135 145 [1]
431 433 [1]
432 433 [1]
433 441 [1]
432 436 [1]
434 436 [1]
270 273 [1]
271 273 [1]
268 271 [1]
268 269 [1]
268 274 [1]
159 160 [1]
159 177 [1]
182 183 [1]
151 183 [1]
152 183 [1]
173 174 [1]
455 457 [1]
457 459 [1]
457 458 [1]
453 454 [1]
452 453 [1]
48 49 [1]
39 48 [1]
48 478 [1]
46 48 [1]
47 48 [1]
49 51 [1]
39 51 [1]
51 52 [1]
51 480 [1]
51 479 [1]
112 423 [1]
112 218 [1]
112 113 [1]
112 424 [1]
112 459 [1]
112 216 [1]
112 449 [1]
112 450 [1]
495 496 [1]
494 496 [1]
486 490 [1]
282 376 [1]
281 376 [1]
239 376 [1]
101 104 [1]
101 375 [1]
139 398 [1]
398 399 [1]
397 398 [1]
74 76 [1]
73 74 [1]
218 219 [1]
217 219 [1]
219 221 [1]
219 222 [1]
210 222 [1]
207 222 [1]
216 222 [1]
221 222 [1]
