32
3
24
1
23
31
10
17
26
30
18
20
22
15
12
16
19
2
3
21
14
4
7
9
28
6
11
29
25
13
5
0
8
27
1 25 [0]
4 15 [0]
23 25 [0]
24 30 [0]
30 31 [0]
12 21 [0]
2 21 [0]
4 15 [0]
4 17 [0]
12 21 [0]
1 11 [0]
11 24 [0]
13 23 [0]
7 13 [0]
4 5 [0]
7 9 [0]
3 9 [0]
4 17 [0]
7 17 [0]
2 21 [0]
2 3 [0]
0 4 [0]
0 5 [0]
1 26 [0]
20 22 [0]
23 25 [0]
3 10 [0]
3 31 [0]
5 28 [0]
13 23 [0]
20 22 [0]
18 30 [0]
0 4 [0]
0 12 [0]
3 10 [0]
6 27 [0]
12 31 [0]
3 9 [0]
1 11 [1]
7 19 [1]
23 24 [1]
28 30 [1]
9 30 [1]
18 21 [1]
24 27 [1]
24 27 [1]
17 27 [1]
6 27 [1]
18 30 [1]
11 13 [1]
13 14 [1]
5 28 [1]
8 9 [1]
8 31 [1]
3 14 [1]
9 30 [1]
2 22 [1]
2 7 [1]
0 19 [1]
17 26 [1]
7 17 [1]
2 7 [1]
3 14 [1]
2 3 [1]
3 26 [1]
0 19 [1]
27 28 [1]
12 30 [1]
24 31 [1]
14 18 [1]
17 27 [1]
17 26 [1]
2 9 [1]
25 26 [1]
15 22 [1]
2 22 [1]
7 13 [1]
28 29 [2]
1 26 [2]
15 22 [2]
17 19 [2]
28 30 [2]
23 31 [2]
24 30 [2]
11 24 [2]
13 24 [2]
12 30 [2]
12 31 [2]
27 28 [2]
13 24 [2]
13 18 [2]
14 18 [2]
14 22 [2]
2 9 [2]
0 12 [2]
23 31 [2]
24 31 [2]
1 25 [2]
25 26 [2]
7 19 [2]
28 29 [2]
4 5 [2]
23 24 [2]
18 21 [2]
13 18 [2]
11 13 [2]
0 5 [2]
13 14 [2]
8 9 [2]
17 19 [2]
3 26 [2]
30 31 [2]
8 31 [2]
3 31 [2]
14 22 [2]
7 9 [2]
