16
2
0
14
11
12
1
3
10
8
6
13
4
7
2
9
5
15
0 10 [0]
0 7 [0]
0 3 [0]
5 12 [0]
0 10 [0]
3 14 [0]
1 14 [0]
8 12 [0]
12 13 [0]
10 13 [0]
8 13 [0]
6 14 [0]
0 3 [0]
1 3 [0]
8 9 [0]
1 14 [0]
4 15 [0]
10 15 [0]
14 15 [0]
7 15 [0]
13 15 [0]
6 15 [0]
2 15 [0]
1 15 [0]
8 12 [0]
12 13 [0]
10 13 [0]
9 10 [0]
6 14 [0]
5 11 [0]
10 11 [0]
9 11 [0]
7 15 [0]
9 13 [0]
2 15 [0]
3 10 [0]
3 7 [0]
1 7 [0]
1 3 [0]
4 11 [1]
4 13 [1]
2 4 [1]
4 15 [1]
5 8 [1]
5 11 [1]
5 9 [1]
10 14 [1]
10 11 [1]
3 10 [1]
10 15 [1]
14 15 [1]
0 7 [1]
2 7 [1]
3 7 [1]
1 7 [1]
11 13 [1]
13 15 [1]
1 6 [1]
6 15 [1]
2 4 [1]
2 11 [1]
2 7 [1]
3 14 [1]
9 10 [1]
9 11 [1]
9 13 [1]
1 15 [1]
5 12 [1]
10 14 [1]
5 8 [1]
8 13 [1]
8 9 [1]
4 11 [1]
11 13 [1]
2 11 [1]
4 13 [1]
5 9 [1]
1 6 [1]
