20
4
6
5
2
1
4
8
3
7
15
9
11
0
14
13
10
17
18
12
19
16
7 11 [0]
11 14 [0]
11 19 [0]
1 3 [0]
4 5 [0]
1 2 [0]
1 6 [0]
1 19 [0]
0 9 [0]
7 19 [0]
4 10 [0]
7 10 [0]
8 10 [0]
5 17 [0]
14 17 [0]
13 17 [0]
1 12 [0]
8 19 [0]
11 19 [0]
4 19 [0]
1 19 [0]
7 19 [0]
7 16 [0]
16 17 [0]
15 16 [0]
6 18 [0]
8 18 [0]
0 2 [0]
2 15 [0]
0 16 [0]
7 12 [0]
7 16 [0]
5 8 [0]
0 9 [0]
9 10 [0]
9 16 [0]
14 17 [0]
12 13 [0]
0 8 [0]
8 10 [0]
8 13 [0]
13 15 [0]
15 16 [0]
11 15 [1]
11 18 [1]
2 3 [1]
3 4 [1]
4 12 [1]
4 19 [1]
4 16 [1]
4 18 [1]
0 2 [1]
0 6 [1]
0 4 [1]
0 7 [1]
0 10 [1]
0 8 [1]
7 9 [1]
5 9 [1]
9 14 [1]
9 10 [1]
10 15 [1]
2 17 [1]
3 13 [1]
1 13 [1]
7 13 [1]
8 13 [1]
4 12 [1]
9 12 [1]
8 18 [1]
8 19 [1]
6 16 [1]
4 16 [1]
10 16 [1]
8 16 [1]
1 2 [1]
6 11 [1]
2 6 [1]
6 9 [1]
6 10 [1]
4 11 [1]
3 4 [1]
4 14 [1]
4 10 [1]
4 15 [1]
1 7 [1]
7 11 [1]
0 7 [1]
7 9 [1]
7 10 [1]
3 5 [1]
10 15 [1]
3 11 [2]
11 17 [2]
11 13 [2]
3 5 [2]
2 6 [2]
2 17 [2]
6 16 [2]
6 18 [2]
1 4 [2]
0 14 [2]
3 7 [2]
6 7 [2]
5 7 [2]
7 17 [2]
7 8 [2]
5 17 [2]
5 18 [2]
2 9 [2]
6 9 [2]
9 15 [2]
6 14 [2]
4 14 [2]
7 14 [2]
14 15 [2]
2 10 [2]
6 10 [2]
1 10 [2]
11 17 [2]
11 13 [2]
7 12 [2]
3 19 [2]
4 15 [2]
9 16 [2]
11 18 [2]
4 18 [2]
2 3 [2]
2 9 [2]
2 13 [2]
1 6 [2]
0 6 [2]
6 14 [2]
0 4 [2]
1 4 [2]
1 14 [2]
1 13 [2]
1 12 [2]
2 5 [2]
5 7 [2]
9 14 [2]
12 14 [2]
14 15 [2]
6 11 [3]
4 11 [3]
3 11 [3]
3 7 [3]
3 13 [3]
3 19 [3]
2 5 [3]
2 4 [3]
1 5 [3]
1 7 [3]
1 9 [3]
11 14 [3]
1 14 [3]
0 14 [3]
0 10 [3]
7 17 [3]
2 13 [3]
13 15 [3]
12 14 [3]
12 13 [3]
5 8 [3]
8 16 [3]
2 15 [3]
0 16 [3]
5 18 [3]
17 18 [3]
2 4 [3]
2 10 [3]
6 7 [3]
1 3 [3]
1 9 [3]
1 10 [3]
7 14 [3]
7 13 [3]
4 5 [3]
1 5 [3]
5 9 [3]
9 12 [3]
10 16 [3]
16 17 [3]
17 18 [3]
13 17 [3]
7 8 [3]
11 15 [3]
9 15 [3]
