30
2
3
18
2
4
5
1
6
19
20
7
15
8
21
9
22
16
10
0
11
14
23
27
28
12
26
13
17
29
24
25
2 17 [0]
2 5 [0]
2 17 [0]
2 19 [0]
2 12 [0]
0 6 [0]
2 4 [0]
6 18 [0]
2 9 [0]
9 19 [0]
3 13 [0]
6 13 [0]
13 18 [0]
3 16 [0]
4 16 [0]
18 25 [0]
18 29 [0]
6 25 [0]
1 25 [0]
20 25 [0]
25 29 [0]
2 12 [0]
4 12 [0]
12 14 [0]
12 21 [0]
9 28 [0]
19 28 [0]
18 29 [0]
10 24 [0]
2 21 [0]
8 22 [0]
2 3 [0]
0 3 [0]
3 4 [0]
3 10 [0]
4 9 [0]
4 26 [0]
4 12 [0]
6 15 [0]
9 28 [0]
9 22 [0]
9 27 [0]
19 28 [0]
10 26 [0]
10 24 [0]
15 25 [0]
1 25 [0]
1 15 [0]
7 13 [0]
8 9 [0]
8 22 [0]
8 27 [0]
12 14 [0]
20 25 [0]
25 29 [0]
12 21 [0]
0 17 [1]
2 5 [1]
0 2 [1]
2 3 [1]
2 4 [1]
2 9 [1]
2 23 [1]
2 14 [1]
2 21 [1]
0 2 [1]
0 3 [1]
3 13 [1]
3 4 [1]
3 6 [1]
4 9 [1]
8 9 [1]
4 11 [1]
9 11 [1]
7 13 [1]
13 18 [1]
2 23 [1]
9 23 [1]
18 25 [1]
15 25 [1]
2 19 [1]
3 10 [1]
4 10 [1]
6 15 [1]
1 15 [1]
15 20 [1]
4 26 [1]
10 26 [1]
7 18 [1]
8 19 [1]
2 14 [1]
4 24 [1]
9 22 [1]
9 27 [1]
8 27 [1]
0 17 [1]
3 6 [1]
3 16 [1]
4 11 [1]
4 16 [1]
4 10 [1]
4 24 [1]
0 6 [1]
6 13 [1]
6 25 [1]
9 11 [1]
9 23 [1]
6 18 [1]
7 18 [1]
9 19 [1]
8 19 [1]
15 20 [1]
