500
2
204
486
55
211
44
431
54
112
15
16
39
114
48
27
65
38
100
123
111
34
5
256
98
338
26
94
396
196
316
317
115
153
222
164
137
41
95
99
136
197
285
110
9
167
86
335
128
464
40
334
200
87
166
465
309
201
35
135
49
154
20
252
253
129
25
46
146
280
64
101
47
239
302
281
388
303
355
8
0
1
36
93
73
12
63
22
7
229
107
124
228
195
342
208
194
134
209
23
262
437
125
263
436
444
21
277
18
91
151
62
150
279
106
276
405
322
382
278
383
390
404
492
391
456
493
298
299
59
131
13
69
56
58
53
162
158
148
57
273
360
235
272
159
361
463
234
462
477
198
149
476
163
188
186
213
68
212
244
247
245
475
474
380
187
130
381
478
479
246
422
423
386
30
66
85
242
79
108
45
43
434
126
78
330
435
331
127
216
491
324
109
138
205
315
399
314
398
430
325
24
221
190
104
370
371
270
179
240
105
341
42
241
60
178
61
243
118
84
119
193
102
90
218
144
176
219
269
271
340
346
347
260
31
140
310
428
177
210
236
145
182
254
227
183
226
258
113
358
359
259
366
141
152
223
143
165
255
367
379
409
378
237
429
261
311
440
19
189
52
156
175
116
174
168
362
472
473
326
441
420
387
321
372
217
412
413
373
438
139
320
439
421
327
17
180
181
157
117
319
230
250
169
231
251
318
363
442
67
443
192
268
415
191
220
414
490
92
368
199
323
445
376
461
457
329
6
3
14
287
286
88
89
160
202
173
328
375
132
265
37
10
80
76
28
50
29
51
74
300
283
301
121
4
11
2
133
81
170
77
82
215
225
266
446
291
293
171
32
214
224
274
296
248
350
289
297
290
207
249
349
306
307
374
264
312
206
83
275
449
313
393
348
392
470
471
426
427
351
288
292
267
407
356
357
402
418
406
424
425
419
403
495
494
447
394
469
70
75
468
395
354
161
184
97
385
233
185
294
410
485
480
33
203
481
384
232
295
416
417
411
433
345
96
344
71
282
120
452
453
455
432
454
484
448
458
336
459
498
337
72
172
304
305
499
369
343
389
238
467
466
147
155
284
365
489
364
488
377
308
353
451
450
401
352
400
460
496
497
333
332
408
487
103
397
339
483
257
482
122
142
