500
2
204
15
55
211
44
16
54
112
31
103
39
114
48
27
65
38
100
123
111
34
5
256
98
338
26
94
396
196
316
317
115
153
222
164
137
41
95
99
136
197
285
110
9
167
86
335
128
464
40
334
200
87
166
465
309
201
35
135
49
154
20
252
253
129
25
46
146
280
64
101
47
239
302
281
388
303
355
8
0
1
36
93
73
12
63
22
7
229
107
124
228
195
342
208
194
134
209
23
262
437
125
263
436
444
21
277
18
91
151
62
150
279
106
276
405
322
382
278
383
390
404
492
391
456
493
298
299
59
131
13
69
56
58
53
162
158
148
57
273
360
235
272
159
361
463
234
462
477
198
149
476
163
188
186
213
68
212
244
247
245
475
474
380
187
130
381
478
479
246
422
423
386
30
66
85
242
79
108
45
43
434
126
78
330
435
331
127
216
491
324
109
138
205
315
399
314
398
430
325
24
221
190
104
370
371
270
179
240
105
341
42
241
60
178
61
243
118
84
119
193
102
90
218
144
176
219
269
271
340
346
347
431
260
140
310
428
177
210
236
145
182
254
227
183
226
258
113
358
359
259
366
141
152
223
143
165
255
367
379
409
378
237
429
261
311
440
19
189
52
156
175
116
174
168
362
472
473
326
441
420
387
321
372
217
412
413
373
438
139
320
439
421
327
17
180
181
157
117
319
230
250
169
231
251
318
363
442
67
443
192
268
415
191
220
414
490
92
368
199
323
445
376
461
457
329
6
3
14
287
286
88
89
160
202
173
328
375
132
265
37
10
80
76
28
50
29
51
74
300
283
301
121
4
11
2
133
81
170
77
82
215
225
266
446
291
293
171
32
214
224
274
296
248
350
289
297
290
207
249
349
306
307
374
264
312
206
83
275
449
313
393
348
392
470
471
426
427
351
288
292
267
407
356
357
402
418
406
424
425
419
403
495
494
447
394
469
70
75
468
395
354
161
184
97
385
233
185
294
410
485
480
33
203
481
384
232
295
416
417
411
433
345
96
344
71
282
120
452
453
455
432
454
484
448
458
336
459
498
337
72
172
304
305
499
369
343
389
238
467
466
147
155
284
365
489
364
488
377
308
353
451
450
401
352
400
460
496
497
333
332
408
486
487
397
339
483
257
482
122
142
112 142 [1]
31 142 [0]
103 142 [0]
27 482 [1]
114 483 [0]
65 122 [0]
65 482 [1]
39 397 [0]
48 483 [0]
27 257 [1]
27 483 [1]
114 397 [0]
122 123 [1]
111 122 [1]
111 482 [1]
34 482 [1]
34 257 [1]
34 483 [1]
5 483 [1]
5 339 [1]
98 483 [1]
256 339 [1]
98 339 [1]
256 487 [0]
338 397 [1]
98 487 [0]
34 333 [0]
338 487 [1]
26 487 [1]
94 397 [1]
396 397 [1]
256 333 [0]
196 397 [1]
316 397 [1]
317 397 [1]
26 333 [0]
115 408 [1]
115 332 [1]
317 333 [0]
153 408 [1]
222 408 [1]
115 333 [0]
164 408 [1]
137 408 [1]
111 284 [0]
38 467 [0]
99 408 [1]
34 284 [0]
65 238 [0]
197 486 [1]
34 155 [0]
100 467 [0]
38 238 [0]
99 332 [1]
111 466 [0]
137 460 [1]
123 467 [0]
197 332 [1]
111 467 [0]
197 333 [1]
41 352 [1]
285 333 [1]
41 401 [1]
285 400 [1]
285 352 [1]
110 400 [1]
137 377 [0]
9 400 [1]
41 377 [0]
9 352 [1]
464 497 [1]
9 401 [1]
40 497 [1]
167 401 [1]
167 450 [1]
40 496 [1]
334 497 [0]
200 497 [1]
334 496 [1]
86 450 [1]
200 496 [1]
86 451 [1]
166 496 [0]
465 496 [0]
451 464 [1]
87 451 [1]
135 460 [0]
87 353 [1]
201 353 [1]
35 353 [1]
35 377 [1]
135 377 [1]
154 488 [1]
20 488 [1]
20 364 [1]
253 364 [1]
129 488 [1]
129 364 [1]
253 489 [1]
253 365 [1]
129 489 [1]
155 253 [1]
46 489 [1]
49 389 [0]
154 389 [0]
46 147 [1]
46 466 [1]
129 389 [0]
146 466 [1]
146 467 [1]
25 389 [0]
280 467 [1]
238 280 [1]
64 238 [1]
101 238 [1]
302 389 [1]
63 369 [1]
63 499 [0]
22 369 [1]
7 369 [1]
229 369 [1]
107 343 [0]
229 499 [1]
124 343 [0]
229 305 [1]
228 343 [0]
195 343 [0]
229 304 [1]
172 229 [1]
228 304 [0]
304 342 [0]
355 395 [0]
8 395 [0]
0 394 [0]
1 447 [0]
204 415 [0]
137 376 [0]
0 215 [1]
1 215 [1]
4 8 [1]
0 4 [1]
135 461 [0]
135 376 [0]
1 132 [1]
1 375 [1]
112 311 [0]
31 311 [0]
93 375 [1]
73 375 [1]
73 328 [1]
12 328 [1]
14 355 [0]
63 328 [1]
103 409 [0]
329 355 [0]
31 255 [0]
355 457 [0]
31 165 [0]
103 165 [0]
355 461 [1]
103 143 [0]
0 199 [0]
36 199 [1]
93 199 [1]
12 368 [1]
73 92 [1]
12 92 [1]
63 368 [1]
329 342 [1]
63 92 [1]
342 457 [1]
204 431 [0]
208 457 [1]
55 431 [0]
44 140 [0]
194 457 [1]
211 260 [0]
31 177 [0]
44 260 [0]
55 347 [0]
134 457 [1]
222 409 [0]
31 428 [0]
211 347 [0]
54 140 [0]
134 461 [1]
112 140 [0]
164 409 [0]
134 376 [1]
31 140 [0]
209 445 [1]
23 445 [1]
376 437 [1]
176 211 [0]
143 164 [0]
164 223 [0]
144 211 [0]
137 223 [0]
263 445 [1]
436 445 [1]
151 323 [1]
62 323 [1]
150 323 [1]
279 323 [1]
204 240 [0]
179 204 [0]
204 325 [0]
204 430 [0]
15 398 [0]
55 398 [0]
204 315 [0]
15 399 [0]
55 314 [0]
15 315 [0]
55 399 [0]
199 299 [1]
211 399 [0]
92 299 [1]
44 399 [0]
16 399 [0]
16 205 [0]
16 324 [0]
299 443 [1]
67 299 [1]
59 443 [1]
16 126 [0]
16 386 [0]
54 386 [0]
91 440 [1]
151 440 [1]
188 443 [1]
277 378 [1]
91 237 [1]
188 442 [1]
223 437 [1]
223 277 [1]
54 188 [0]
277 366 [1]
18 366 [1]
18 359 [1]
299 440 [1]
108 490 [1]
18 226 [1]
304 329 [0]
45 490 [1]
91 226 [1]
91 183 [1]
43 490 [1]
434 490 [1]
386 442 [1]
18 182 [1]
329 337 [0]
6 337 [0]
66 363 [1]
91 236 [1]
328 499 [0]
66 319 [1]
30 117 [1]
66 117 [1]
173 337 [0]
173 498 [0]
66 157 [1]
173 458 [0]
328 458 [0]
66 327 [1]
85 421 [1]
242 421 [1]
24 414 [1]
325 415 [0]
10 484 [1]
80 448 [0]
24 415 [0]
242 373 [1]
76 448 [0]
80 484 [1]
242 413 [1]
79 373 [1]
28 448 [0]
270 414 [0]
108 373 [1]
28 484 [1]
91 243 [0]
220 270 [0]
50 484 [0]
191 270 [0]
373 434 [1]
270 415 [0]
179 415 [0]
242 387 [1]
85 420 [1]
88 384 [0]
88 481 [0]
88 203 [0]
372 434 [1]
85 473 [1]
66 362 [1]
126 372 [1]
85 362 [1]
160 203 [0]
202 203 [0]
283 453 [1]
241 268 [0]
60 268 [0]
301 453 [1]
192 241 [0]
66 116 [1]
202 480 [0]
60 192 [0]
178 192 [0]
29 345 [1]
202 485 [0]
189 386 [1]
51 345 [1]
30 189 [1]
29 433 [1]
173 485 [0]
328 485 [0]
324 372 [1]
375 485 [0]
14 354 [1]
287 354 [1]
14 395 [1]
109 372 [1]
283 345 [1]
88 161 [0]
286 354 [1]
265 485 [0]
37 485 [0]
301 433 [1]
286 395 [1]
10 485 [0]
10 385 [0]
221 372 [1]
341 439 [0]
50 385 [0]
42 439 [0]
29 385 [0]
42 320 [0]
270 372 [1]
42 438 [0]
241 438 [0]
132 447 [0]
188 355 [0]
178 438 [0]
61 438 [0]
341 372 [1]
8 476 [0]
50 75 [0]
184 301 [0]
8 149 [0]
29 75 [0]
321 341 [1]
50 469 [0]
0 149 [0]
161 301 [0]
54 355 [0]
0 198 [0]
301 395 [1]
54 303 [0]
112 303 [0]
121 395 [1]
4 395 [1]
112 388 [0]
61 321 [1]
112 281 [0]
4 468 [1]
61 387 [1]
75 121 [0]
11 468 [1]
70 121 [0]
137 437 [0]
61 420 [1]
2 468 [1]
4 70 [0]
4 469 [0]
4 394 [0]
11 394 [0]
2 469 [1]
48 281 [0]
133 469 [1]
48 302 [0]
133 394 [0]
47 48 [0]
53 355 [0]
8 53 [0]
47 65 [0]
65 101 [0]
82 394 [1]
170 494 [0]
77 494 [0]
215 394 [1]
215 447 [1]
38 280 [0]
0 69 [0]
215 494 [1]
61 440 [1]
266 447 [1]
243 440 [1]
0 131 [0]
37 313 [0]
446 447 [1]
215 403 [0]
0 59 [0]
225 403 [0]
80 313 [0]
0 299 [0]
403 446 [1]
76 313 [0]
237 243 [1]
76 449 [0]
118 237 [1]
28 449 [0]
93 299 [0]
132 374 [1]
265 374 [1]
132 307 [1]
73 299 [0]
84 237 [1]
119 237 [1]
37 374 [0]
34 253 [0]
28 83 [0]
81 292 [0]
132 306 [1]
102 429 [1]
50 83 [0]
193 237 [1]
28 206 [0]
170 292 [0]
63 299 [0]
131 423 [1]
67 440 [0]
22 299 [0]
215 407 [1]
440 442 [0]
13 423 [1]
22 298 [0]
291 402 [1]
357 446 [1]
144 261 [1]
218 429 [1]
13 422 [1]
189 442 [0]
13 246 [1]
69 422 [1]
293 402 [1]
291 357 [1]
144 429 [1]
7 298 [0]
7 493 [0]
7 456 [0]
229 456 [0]
107 456 [0]
116 363 [0]
292 293 [1]
156 251 [0]
171 288 [1]
140 311 [0]
83 133 [0]
171 351 [1]
32 288 [1]
208 456 [0]
117 189 [0]
156 230 [0]
214 288 [1]
224 288 [1]
194 456 [0]
157 189 [0]
52 157 [0]
385 484 [1]
134 456 [0]
261 428 [0]
274 351 [1]
224 427 [1]
132 291 [1]
52 181 [0]
177 261 [0]
214 426 [1]
177 429 [0]
296 351 [1]
156 181 [0]
274 427 [1]
132 446 [1]
224 426 [1]
248 351 [1]
296 427 [1]
210 429 [0]
59 188 [1]
131 188 [1]
240 431 [1]
103 222 [1]
156 327 [0]
350 427 [1]
135 137 [0]
236 237 [1]
240 347 [0]
253 285 [0]
105 347 [0]
103 153 [1]
289 427 [1]
175 327 [0]
103 115 [1]
34 285 [0]
289 426 [1]
171 275 [0]
105 346 [0]
252 285 [0]
69 163 [1]
286 301 [1]
116 327 [0]
83 171 [0]
444 456 [0]
110 252 [0]
341 346 [0]
297 426 [1]
177 255 [0]
88 301 [1]
56 163 [1]
39 115 [1]
53 188 [1]
135 355 [0]
58 163 [1]
188 386 [0]
210 255 [0]
39 317 [1]
21 456 [0]
42 346 [0]
193 236 [1]
134 355 [1]
188 423 [0]
49 355 [0]
184 433 [1]
236 255 [0]
110 154 [0]
163 422 [0]
53 163 [1]
69 198 [0]
151 299 [1]
193 210 [1]
21 391 [0]
171 312 [0]
69 477 [0]
186 423 [0]
49 303 [0]
32 312 [0]
42 271 [0]
49 110 [0]
145 255 [0]
97 433 [1]
53 476 [1]
102 210 [1]
290 470 [1]
110 135 [0]
162 476 [1]
290 392 [1]
385 433 [1]
32 264 [0]
49 388 [0]
291 306 [0]
249 471 [1]
241 271 [0]
97 417 [1]
279 299 [1]
186 246 [0]
158 476 [1]
184 416 [1]
241 269 [0]
127 386 [0]
349 471 [1]
32 374 [0]
207 392 [1]
293 306 [0]
21 390 [0]
306 471 [1]
109 371 [1]
420 440 [1]
110 201 [0]
49 302 [0]
233 411 [1]
385 417 [1]
279 298 [1]
69 463 [0]
213 246 [1]
331 386 [0]
277 390 [0]
60 269 [0]
293 349 [0]
249 392 [1]
97 416 [1]
19 420 [1]
110 309 [0]
109 370 [1]
161 384 [1]
106 298 [1]
277 383 [0]
292 494 [0]
327 363 [1]
69 361 [0]
178 269 [0]
307 471 [1]
213 479 [1]
144 428 [1]
19 441 [1]
267 494 [0]
106 493 [1]
307 470 [1]
158 477 [1]
151 404 [0]
114 338 [1]
110 465 [0]
69 159 [0]
18 383 [0]
294 411 [1]
138 370 [1]
184 384 [1]
420 421 [0]
62 404 [0]
145 366 [0]
387 421 [0]
276 493 [1]
98 114 [1]
133 171 [0]
407 494 [0]
17 318 [1]
69 272 [0]
127 242 [0]
148 477 [1]
79 216 [0]
150 492 [1]
290 293 [0]
9 465 [0]
108 491 [0]
18 278 [0]
251 327 [1]
189 441 [1]
50 133 [0]
109 221 [1]
150 404 [0]
405 493 [1]
182 366 [0]
235 476 [1]
79 127 [0]
21 405 [0]
279 492 [1]
167 465 [0]
366 378 [1]
148 462 [1]
163 474 [0]
145 259 [0]
126 386 [0]
180 318 [1]
52 441 [1]
130 213 [1]
108 216 [1]
133 293 [0]
45 491 [1]
407 495 [0]
231 327 [1]
292 419 [0]
267 419 [0]
141 378 [1]
356 495 [0]
187 213 [1]
411 480 [0]
403 407 [0]
81 293 [0]
307 393 [1]
151 278 [0]
321 439 [0]
148 234 [1]
292 425 [1]
96 454 [0]
458 499 [1]
52 326 [1]
6 173 [1]
43 491 [1]
188 474 [0]
433 455 [0]
32 290 [0]
385 481 [1]
169 327 [1]
272 476 [1]
144 260 [1]
357 495 [1]
434 491 [1]
254 259 [0]
134 444 [0]
433 453 [0]
422 474 [0]
377 460 [0]
151 382 [0]
152 378 [1]
293 350 [0]
96 432 [0]
148 463 [1]
335 465 [0]
344 454 [1]
345 455 [1]
108 331 [0]
250 327 [1]
366 379 [1]
188 475 [0]
32 297 [0]
233 481 [1]
182 359 [0]
391 405 [1]
276 492 [1]
25 302 [0]
126 324 [1]
407 419 [0]
213 380 [1]
227 259 [0]
151 322 [0]
141 379 [1]
254 359 [0]
248 293 [0]
175 326 [0]
57 463 [1]
214 297 [0]
366 367 [1]
96 455 [0]
357 403 [0]
17 250 [1]
25 239 [0]
380 422 [0]
209 444 [0]
356 419 [0]
193 269 [0]
459 499 [1]
71 454 [1]
198 272 [0]
188 245 [0]
138 325 [1]
223 378 [1]
345 453 [1]
405 492 [1]
313 374 [1]
128 465 [0]
475 479 [1]
246 380 [0]
175 473 [0]
255 366 [0]
356 425 [0]
171 248 [0]
193 219 [0]
319 327 [0]
404 405 [1]
213 475 [1]
71 432 [0]
411 481 [0]
321 438 [0]
152 379 [1]
277 437 [1]
498 499 [1]
29 121 [0]
264 313 [1]
474 479 [0]
227 359 [0]
205 325 [1]
178 193 [0]
188 247 [0]
464 465 [0]
6 89 [0]
180 250 [1]
176 347 [1]
57 361 [1]
290 374 [0]
209 436 [0]
24 270 [0]
96 453 [0]
337 499 [0]
158 235 [0]
385 485 [0]
325 370 [0]
51 121 [0]
180 230 [1]
48 112 [1]
356 424 [0]
41 285 [0]
40 465 [0]
205 430 [1]
377 401 [0]
165 366 [0]
26 317 [0]
390 405 [1]
387 413 [0]
183 236 [1]
102 219 [0]
292 402 [1]
290 307 [0]
96 452 [0]
107 208 [1]
221 270 [0]
116 473 [0]
17 319 [0]
417 481 [0]
312 313 [1]
125 277 [1]
152 367 [1]
71 455 [0]
474 478 [0]
143 409 [1]
69 158 [0]
68 475 [1]
186 247 [0]
322 404 [1]
158 360 [0]
181 230 [1]
6 286 [0]
26 316 [0]
176 340 [1]
435 491 [1]
434 435 [1]
213 247 [0]
174 473 [0]
226 359 [1]
23 263 [0]
171 274 [0]
402 425 [1]
24 370 [0]
393 471 [0]
230 251 [0]
107 342 [1]
308 401 [0]
82 133 [1]
305 337 [1]
193 243 [0]
87 201 [1]
87 464 [0]
90 219 [0]
95 285 [0]
147 489 [1]
221 371 [0]
385 410 [0]
250 318 [0]
282 455 [1]
112 114 [1]
145 183 [1]
116 472 [0]
126 331 [0]
270 341 [1]
129 154 [0]
134 437 [1]
223 367 [1]
312 449 [1]
384 417 [0]
383 405 [1]
381 474 [0]
380 478 [0]
372 373 [1]
360 361 [1]
239 280 [1]
51 301 [0]
344 452 [1]
333 487 [0]
68 245 [1]
69 162 [0]
321 413 [0]
242 386 [0]
315 430 [1]
212 245 [1]
226 358 [1]
181 319 [1]
219 340 [1]
205 324 [0]
179 341 [1]
187 478 [0]
218 219 [0]
206 449 [1]
221 370 [0]
190 371 [1]
200 464 [0]
86 464 [1]
331 491 [1]
65 123 [1]
68 247 [0]
322 383 [1]
321 412 [0]
72 305 [1]
74 301 [0]
78 331 [0]
308 450 [0]
304 337 [0]
333 486 [0]
87 309 [1]
89 173 [1]
294 480 [1]
99 137 [1]
99 285 [0]
290 350 [0]
290 349 [0]
107 195 [1]
108 434 [0]
393 470 [0]
480 481 [1]
468 469 [1]
3 286 [0]
463 477 [0]
458 498 [0]
438 439 [1]
14 329 [1]
420 473 [0]
418 425 [1]
414 415 [1]
227 258 [0]
25 280 [0]
30 242 [0]
384 416 [1]
372 413 [1]
41 136 [0]
356 418 [0]
348 471 [0]
51 283 [1]
56 162 [0]
148 360 [0]
130 479 [1]
134 262 [1]
260 428 [1]
258 359 [0]
143 367 [1]
145 227 [1]
250 251 [0]
147 365 [1]
284 466 [0]
151 279 [0]
235 361 [1]
233 410 [0]
232 417 [0]
168 473 [0]
171 224 [1]
174 472 [0]
228 229 [1]
126 435 [1]
282 453 [1]
119 243 [0]
116 362 [1]
125 444 [0]
275 312 [1]
392 471 [0]
406 425 [1]
398 399 [1]
294 485 [1]
225 446 [0]
277 444 [1]
391 493 [1]
240 341 [1]
295 417 [0]
215 266 [1]
382 383 [1]
418 424 [0]
233 294 [1]
147 284 [1]
232 416 [1]
441 473 [1]
442 443 [1]
458 459 [1]
231 250 [0]
212 247 [1]
462 463 [0]
282 344 [1]
282 452 [1]
228 342 [1]
258 358 [0]
308 451 [0]
219 271 [1]
316 396 [0]
271 346 [0]
265 375 [0]
217 413 [1]
320 438 [0]
216 331 [1]
263 437 [0]
272 361 [1]
302 388 [1]
260 310 [1]
332 486 [0]
381 479 [1]
335 464 [1]
336 498 [0]
300 301 [0]
340 347 [1]
348 470 [0]
297 350 [0]
353 377 [1]
276 279 [0]
357 418 [0]
246 423 [1]
362 473 [1]
372 412 [0]
296 350 [1]
165 367 [1]
103 114 [0]
55 204 [1]
103 112 [1]
102 218 [1]
101 280 [0]
101 239 [1]
23 437 [0]
154 252 [0]
155 365 [1]
99 197 [1]
157 319 [0]
20 253 [1]
57 360 [0]
148 273 [0]
166 200 [0]
58 162 [0]
94 338 [1]
167 335 [0]
18 151 [0]
168 472 [0]
17 181 [0]
89 286 [1]
169 251 [0]
89 202 [1]
172 305 [1]
88 160 [0]
176 218 [0]
135 201 [0]
125 436 [1]
126 330 [1]
124 229 [0]
41 99 [1]
120 453 [0]
44 54 [1]
46 129 [1]
118 119 [0]
38 123 [1]
130 478 [0]
133 170 [1]
46 280 [0]
37 80 [1]
95 136 [0]
47 302 [0]
34 256 [0]
138 324 [0]
113 359 [1]
33 481 [1]
139 439 [1]
48 65 [0]
140 428 [0]
51 300 [1]
145 254 [1]
52 175 [1]
104 371 [1]
26 396 [0]
77 215 [0]
1 93 [0]
205 399 [1]
11 133 [0]
78 435 [0]
183 258 [0]
69 131 [0]
191 414 [1]
82 170 [1]
206 275 [1]
190 370 [0]
68 244 [0]
189 440 [0]
203 480 [0]
72 304 [0]
185 410 [0]
198 476 [1]
3 287 [0]
66 242 [0]
75 469 [1]
0 36 [0]
87 465 [1]
178 241 [1]
209 262 [1]
6 14 [1]
207 349 [0]
178 243 [0]
348 392 [0]
51 74 [1]
346 347 [1]
72 172 [0]
347 431 [0]
352 400 [0]
321 387 [0]
348 393 [0]
49 154 [1]
321 372 [1]
49 135 [1]
47 101 [0]
48 114 [1]
46 146 [1]
316 317 [0]
42 241 [0]
76 80 [0]
42 341 [0]
43 45 [1]
43 434 [0]
357 402 [0]
44 211 [0]
45 108 [1]
74 300 [1]
352 401 [0]
356 407 [1]
356 357 [0]
73 93 [1]
72 337 [1]
53 58 [0]
47 239 [1]
354 395 [0]
353 451 [0]
320 439 [0]
332 408 [0]
57 273 [1]
325 430 [1]
326 441 [0]
376 461 [0]
326 473 [1]
59 131 [0]
67 442 [1]
59 299 [0]
60 178 [0]
328 375 [1]
60 241 [1]
336 458 [0]
66 85 [1]
332 333 [0]
64 280 [1]
61 178 [0]
64 101 [1]
62 151 [0]
331 435 [0]
61 243 [1]
330 435 [0]
62 150 [0]
339 483 [1]
345 433 [1]
71 282 [1]
52 156 [1]
70 469 [1]
52 189 [0]
329 457 [0]
70 75 [1]
53 162 [1]
54 112 [0]
322 382 [1]
340 346 [1]
71 344 [1]
322 405 [1]
68 213 [1]
55 211 [0]
68 212 [0]
56 58 [1]
67 443 [1]
56 69 [1]
337 498 [1]
57 148 [0]
336 459 [1]
17 180 [0]
12 63 [0]
12 73 [0]
13 69 [0]
13 131 [1]
14 287 [1]
15 55 [1]
432 455 [1]
432 454 [0]
426 427 [0]
424 425 [1]
15 204 [1]
16 44 [1]
420 441 [1]
16 54 [0]
436 444 [0]
419 425 [0]
17 327 [0]
18 91 [1]
416 417 [0]
412 413 [0]
18 277 [0]
19 189 [0]
410 485 [0]
19 440 [0]
20 154 [0]
20 252 [0]
406 424 [1]
406 418 [1]
5 256 [1]
0 8 [0]
480 485 [1]
1 36 [1]
2 11 [1]
474 475 [1]
2 133 [0]
466 467 [0]
3 6 [1]
3 14 [1]
4 11 [1]
462 477 [0]
4 121 [1]
5 34 [1]
459 498 [1]
21 277 [0]
6 329 [0]
456 493 [1]
453 455 [0]
452 453 [1]
7 22 [1]
450 451 [0]
448 484 [1]
7 229 [0]
8 355 [1]
9 110 [1]
9 167 [1]
10 37 [1]
10 80 [0]
38 100 [1]
32 214 [1]
33 203 [0]
383 390 [0]
33 480 [0]
381 478 [0]
34 111 [0]
380 474 [1]
35 135 [0]
35 201 [0]
36 93 [0]
84 118 [0]
37 265 [1]
38 65 [1]
373 413 [0]
32 171 [0]
39 103 [0]
39 114 [1]
370 371 [0]
369 499 [0]
367 379 [1]
40 334 [1]
40 464 [1]
41 95 [0]
365 489 [1]
364 488 [0]
362 472 [1]
361 463 [1]
41 137 [0]
26 338 [0]
21 444 [1]
404 492 [0]
22 63 [0]
403 495 [1]
23 209 [1]
23 262 [0]
402 418 [0]
401 450 [1]
24 221 [1]
24 325 [0]
25 46 [1]
25 129 [0]
26 94 [1]
392 470 [1]
358 359 [1]
391 456 [1]
27 48 [0]
27 65 [1]
387 420 [0]
28 50 [1]
28 76 [1]
29 50 [1]
29 51 [1]
30 66 [0]
30 386 [1]
31 103 [1]
31 112 [0]
384 481 [1]
157 181 [1]
248 350 [1]
248 296 [0]
148 158 [1]
246 422 [0]
149 198 [0]
245 475 [0]
245 247 [0]
244 247 [0]
149 476 [0]
150 279 [0]
152 223 [0]
153 222 [0]
155 284 [1]
156 175 [0]
147 466 [0]
158 162 [0]
159 272 [0]
159 361 [0]
239 302 [0]
160 202 [1]
161 184 [0]
163 188 [1]
164 222 [1]
165 255 [1]
235 360 [0]
235 272 [1]
234 463 [0]
234 462 [1]
140 310 [0]
264 312 [1]
134 194 [1]
134 209 [1]
263 436 [1]
262 437 [1]
261 429 [0]
137 164 [1]
138 205 [0]
139 320 [1]
257 483 [0]
257 482 [1]
139 438 [0]
140 260 [0]
166 465 [0]
141 152 [1]
141 366 [0]
143 165 [0]
143 223 [1]
144 176 [1]
144 218 [0]
252 253 [1]
145 182 [1]
145 236 [0]
146 280 [1]
147 155 [1]
0 1 [0]
249 349 [1]
217 412 [1]
186 213 [1]
187 380 [0]
190 221 [0]
191 220 [0]
191 415 [1]
220 414 [1]
192 268 [0]
194 208 [0]
195 228 [0]
219 269 [0]
195 342 [1]
196 316 [0]
196 396 [1]
186 188 [0]
217 372 [1]
197 285 [1]
200 334 [0]
201 309 [1]
203 481 [0]
205 315 [0]
215 225 [0]
206 312 [1]
214 224 [1]
207 249 [0]
207 290 [1]
208 342 [1]
210 236 [1]
177 210 [0]
168 174 [0]
233 385 [1]
168 362 [1]
169 231 [0]
232 384 [0]
232 295 [1]
169 250 [0]
171 293 [1]
230 250 [1]
172 304 [1]
173 202 [1]
173 328 [0]
176 219 [1]
264 374 [1]
177 428 [1]
179 240 [0]
179 270 [1]
227 254 [1]
180 181 [1]
182 254 [1]
226 258 [0]
183 226 [1]
183 227 [1]
225 266 [1]
185 233 [1]
185 294 [1]
224 274 [1]
294 410 [0]
86 335 [0]
87 166 [1]
87 200 [0]
88 89 [1]
298 493 [0]
298 299 [1]
88 286 [1]
89 160 [1]
90 102 [0]
295 416 [0]
90 218 [0]
91 151 [1]
92 368 [1]
86 167 [1]
94 396 [0]
95 99 [1]
96 344 [0]
96 345 [0]
97 184 [1]
97 385 [1]
98 256 [0]
291 446 [0]
98 338 [0]
99 136 [0]
291 293 [0]
100 123 [1]
102 193 [0]
81 133 [1]
315 399 [0]
314 399 [0]
314 398 [1]
313 449 [0]
77 170 [1]
78 126 [0]
310 428 [1]
309 465 [1]
78 330 [1]
79 108 [0]
308 377 [0]
308 353 [0]
79 242 [1]
290 297 [1]
81 170 [1]
307 374 [0]
306 349 [1]
306 307 [0]
305 499 [1]
82 215 [1]
83 206 [0]
83 275 [0]
212 244 [0]
303 388 [1]
303 355 [0]
84 119 [0]
85 242 [1]
271 340 [1]
118 243 [0]
119 193 [0]
120 282 [1]
120 452 [0]
121 301 [0]
122 482 [1]
276 405 [0]
124 228 [1]
125 263 [0]
274 296 [1]
273 360 [1]
125 437 [0]
126 434 [1]
278 382 [1]
127 216 [0]
127 331 [0]
128 335 [0]
128 464 [1]
269 271 [1]
129 253 [0]
130 187 [1]
267 407 [0]
267 292 [1]
130 381 [1]
266 446 [1]
132 265 [1]
132 375 [1]
110 285 [1]
104 190 [1]
104 370 [1]
289 350 [0]
289 297 [0]
105 240 [1]
105 341 [1]
106 276 [0]
286 287 [0]
106 279 [0]
107 124 [1]
107 229 [1]
109 138 [0]
109 324 [1]
77 82 [0]
283 301 [0]
283 300 [0]
111 123 [0]
113 258 [1]
113 358 [0]
281 388 [0]
281 302 [0]
115 153 [0]
115 317 [1]
116 174 [0]
116 175 [0]
117 157 [0]
278 383 [1]
